#  This file contains the final extracted (wavelength, spec normalised) data 
4843  0.05793937883690078
4849  0.07136707909651731
4870  0.07202772923519726
4838  0.07415181723832788
4858  0.07598536446326959
4853  0.07899090607875552
4889  0.08357172316964545
4882  0.08541887444014644
4890  0.08857911335261143
4895  0.08925881732813724
4900  0.09015373619710618
4905  0.09189178988758202
4910  0.09105551043679164
4915  0.09324397563440237
4920  0.09571621462585445
4925  0.09789718752545978
4930  0.09727539899061102
4935  0.10168403648303766
4940  0.10213796743451949
4945  0.10531693527272645
4950  0.10703736719706819
4955  0.11071673467255023
4961  0.11109381627049489
4966  0.11169569666245673
4971  0.11091207478070861
4976  0.11258517869980218
4981  0.11461918813637044
4986  0.11519814470226547
4991  0.11614432542870622
4996  0.1162656288889404
5001  0.11865141860504619
5006  0.11655438488623757
5011  0.12192565973365721
5016  0.126515782419705
5022  0.1288797016041868
5027  0.1307450797623698
5032  0.13137290344767136
5037  0.13530906897155653
5042  0.13610447660479422
5047  0.13822862447808082
5052  0.14437167060835976
5057  0.14716848183630016
5062  0.14880184630596086
5067  0.15013356050333473
5072  0.15164471690248887
5077  0.15416929961478978
5082  0.15454957669031774
5088  0.15498112863951582
5093  0.1591271417809518
5098  0.16509610823774523
5103  0.16409431564749005
5108  0.16705218854106318
5113  0.17170395846393646
5118  0.17385233083960366
5123  0.1739862555768299
5128  0.1742539738113667
5133  0.17572809236212514
5138  0.1769458289376146
5144  0.17554612966662778
5149  0.1769767754694205
5154  0.17869930624714672
5159  0.1756142854092182
5164  0.17470892276713965
5169  0.17260705837305773
5174  0.17353820324725164
5179  0.17532364238038328
5184  0.1805088296383858
5189  0.18803607874606
5195  0.19203734025541513
5200  0.19979540083339772
5205  0.20712230489579644
5210  0.2104288589668642
5215  0.21196033589071905
5220  0.21170307421809725
5225  0.21631047343520532
5230  0.2193565294766393
5235  0.22327832077686874
5240  0.22553298631407348
5246  0.2291232698161285
5251  0.23112536804393474
5256  0.22844406726211616
5261  0.22878900671782276
5266  0.2283183059584196
5271  0.22882709408128477
5276  0.23238870304765952
5281  0.23810997636028106
5286  0.24418427591762148
5291  0.24948534162693878
5297  0.256434090254978
5302  0.2601665895665474
5307  0.2631943488403486
5312  0.264408343028049
5317  0.26338464079284324
5322  0.2616030500604438
5327  0.2605544029806429
5332  0.26134223781278176
5337  0.26739055945229534
5343  0.27262793716846756
5348  0.27661076667163165
5353  0.28287042824175496
5358  0.2851503057768186
5363  0.2871684721929257
5368  0.291171197329558
5373  0.2920253039279053
5378  0.2944024399238039
5384  0.29323136949808354
5389  0.29380721587559505
5394  0.29296197846258193
5399  0.29486075749532087
5404  0.296800949935119
5409  0.2969950330333583
5414  0.2989806808284726
5419  0.30507459099191686
5425  0.3151209108619025
5430  0.3194413929638499
5435  0.31906746806798425
5440  0.3321185480669205
5445  0.3358845744137339
5450  0.3340375560417835
5455  0.34110579723278067
5460  0.3384706648787631
5465  0.3445800184599496
5471  0.3485910497561341
5476  0.3544754086461005
5481  0.35712197671905427
5486  0.3597377003386021
5491  0.36637129432087434
5496  0.37293684722261106
5501  0.37766087167565976
5507  0.3812506461655335
5512  0.3848063090808229
5517  0.3836222777001103
5522  0.38762153523653137
5527  0.3964621494053195
5532  0.4032501696825387
5537  0.4033458198133808
5543  0.4065293576210878
5548  0.401389922713265
5553  0.4073863784058451
5558  0.41930717806230555
5563  0.4130186388574212
5568  0.4201104781488237
5573  0.42071158941478787
5579  0.4208656383216922
5584  0.4206758566243832
5589  0.4205425944462945
5594  0.43300999523259764
5599  0.42103046387712845
5604  0.4343436208776546
5609  0.4405530204358824
5615  0.4447721114089077
5620  0.44660506779736386
5625  0.4482576733570344
5630  0.4578621908300691
5635  0.4622265949728414
5640  0.4688633494422869
5645  0.46942577529961005
5650  0.46916374974991565
5656  0.4638786144154966
5661  0.4690848594755465
5666  0.4607721240007965
5671  0.47289818127383704
5676  0.4841670123236518
5681  0.4904530895943379
5686  0.4908918318499422
5692  0.49515558280695493
5697  0.49430514632372186
5702  0.5007440314161228
5707  0.506780038873093
5712  0.5100171140079218
5717  0.512632082202974
5723  0.516690151981637
5728  0.5241889059527413
5733  0.5325515836474397
5738  0.5366811869694473
5743  0.5390285267856537
5748  0.5406814228026288
5753  0.5445068028242448
5759  0.5438736671451081
5764  0.5434677504983263
5769  0.5437625883023022
5774  0.5544700072442572
5779  0.5588591028341001
5784  0.5562052420716547
5790  0.558127185881287
5795  0.559550909140311
5800  0.5645015868543778
5805  0.5731139383358442
5810  0.5824752385737211
5815  0.5902762645499676
5820  0.5912909447588712
5826  0.6075908786500572
5831  0.6149796562040462
5836  0.6159831692487736
5841  0.6155420644161245
5846  0.6147664327889232
5851  0.6188104525893464
5857  0.6283781057073641
5862  0.6320907821877768
5867  0.634042949214292
5872  0.6404196327619252
5877  0.6365806430591795
5882  0.6268106367059196
5888  0.622660466743008
5893  0.6099015424429868
5898  0.6057476371261857
5903  0.6130111919952996
5908  0.6211565648868781
5913  0.6416263323613804
5919  0.646398285520794
5924  0.6470448600627129
5929  0.6609839169545544
5934  0.6624508086975426
5939  0.6672954646696024
5945  0.6735540450688633
5950  0.6756213373495221
5955  0.6815423239530289
5960  0.6842073856375669
5965  0.6904372815644362
5970  0.6932815946573219
5976  0.6993325840220949
5981  0.7055130963267519
5986  0.7058155797884754
5991  0.707377342535758
5996  0.7121809038571024
6002  0.7191753755019796
6007  0.7198387324872574
6012  0.7194754120127357
6017  0.7124279431927627
6022  0.720333663647353
6027  0.7298352411738152
6033  0.7276933008733701
6038  0.7341132053393675
6043  0.7372386352806722
6048  0.7564016542570253
6053  0.7597044645902151
6059  0.7636922815451724
6064  0.7612035126166311
6069  0.7697040432218536
6074  0.7715399841363546
6079  0.7762468472175154
6084  0.7733862777607814
6090  0.7712909132476655
6095  0.7752166071360581
6100  0.7856783654028354
6105  0.7831941829485811
6110  0.7942619595018673
6116  0.797448310474695
6121  0.7973640843674801
6126  0.8008808620858391
6131  0.8009764487439984
6136  0.7989771432186694
6142  0.8034840956863976
6147  0.7986271061466463
6152  0.8058181129168681
6157  0.8027740910236354
6162  0.8180122199001008
6168  0.8163496169467281
6173  0.8213835151009454
6178  0.81915824533359
6183  0.8361683332479802
6188  0.8447330898629622
6194  0.8545410713905388
6199  0.860182327089959
6204  0.8659346747712209
6209  0.8726561366757811
6214  0.8812053926861337
6220  0.880645388050697
6225  0.8824430835807666
6230  0.8795503319178641
6235  0.8825464391031203
6240  0.8824614856634314
6245  0.8775814598267908
6251  0.881694277048386
6256  0.8808012123911076
6261  0.8848168286032431
6266  0.8905548116029028
6272  0.8917687866584909
6277  0.9001546407668787
6282  0.9033084321096656
6287  0.9093146500485549
6292  0.9097589906502008
6298  0.9125714714770669
6303  0.9136762088863002
6308  0.9161809815188057
6313  0.923227713896255
6318  0.9233586587679793
6324  0.9262327595968571
6329  0.9283108168376639
6334  0.9415397842904831
6339  0.9511453691493409
6345  0.958969406814874
6350  0.9490796941112238
6355  0.9589852893840418
6360  0.9635592961529074
6365  0.976191817293175
6371  0.9850972160783835
6376  0.9892559503973367
6381  0.9905239259039201
6386  0.9958320124926309
6391  1.0036001182155436
6397  1.0064244191831153
6402  1.0047964607390774
6407  0.9967473587070845
6412  0.9985666613196018
6417  1.0035090434390264
6423  1.0078509783485292
6428  1.013199180802685
6433  1.0146809847611635
6438  1.0290592488231047
6444  1.0291911483328602
6449  1.0345147735496913
6454  1.0366894091816614
6459  1.0412630638141258
6464  1.036889781030258
6470  1.0357728047424575
6475  1.0452063353677183
6480  1.0471086916636012
6485  1.0405135250405084
6491  1.0394623247836088
6496  1.0421476861250651
6501  1.043551298680378
6506  1.0489836530312653
6511  1.0664891287242722
6517  1.0805747008835986
6522  1.0757044468120767
6527  1.0753476001299167
6532  1.0779187314279925
6538  1.0826283876003628
6543  1.0813665731893214
6548  1.0752558077712904
6553  1.0580366624504423
6559  1.0302363952019955
6564  1.0055056748245508
6569  0.9808968647531627
6574  0.9839416118134742
6579  1.0146591521787478
6585  1.0640911671064421
6590  1.099127506866548
6595  1.1133675829467016
6600  1.1249377487031298
6606  1.1380266549938558
6611  1.1387022213692668
6616  1.1476601834837614
6621  1.149180561572675
6627  1.1623219199026054
6632  1.14721769995689
6637  1.1570748874960823
6642  1.1596709694732439
6647  1.165101890578303
6653  1.1698003855905954
6658  1.173699400602269
6663  1.1775516547399065
6668  1.1777307769711
6674  1.179325281846219
6679  1.1800239686692933
6684  1.18996274809438
6689  1.1906759125312456
6695  1.1978018923544922
6700  1.199191682524847
6705  1.1974066598933646
6710  1.205387631982568
6716  1.1897283763015893
6721  1.200724032369512
6726  1.1999084090301257
6731  1.21574870725476
6737  1.21688830636525
6742  1.2211029116121601
6747  1.2188127107592748
6752  1.223725090180154
6758  1.2255417708210137
6763  1.229455468501266
6768  1.234224231502404
6773  1.23236481732233
6779  1.2334674411311075
6784  1.2363463333447307
6789  1.2478140601525878
6794  1.2504949008362407
6800  1.257585998359045
6805  1.253602950268797
6810  1.2478018885288353
6815  1.2520778512403485
6821  1.2587462762425665
6826  1.2556257394929111
6831  1.2576781038022393
6836  1.251984183376799
6842  1.2443408154357964
6847  1.2350664831127587
6852  1.2358060569662932
6857  1.221322507873243
6863  1.1861496669857732
6868  1.1486335759009347
6873  1.099858986982008
6878  1.0484403488235658
6884  1.0481923861677982
6889  1.0558623875150417
6894  1.1001003540172618
6899  1.1249677403751015
6905  1.142540919479692
6910  1.1532420209547938
6915  1.177735959389926
6920  1.192648079289464
6926  1.2102152943689406
6931  1.2214671319799166
6936  1.2214095639533127
6941  1.2256249910613717
6947  1.2261275732637342
6952  1.232807752666345
6957  1.2429347604434717
6962  1.2491224907366312
6968  1.2597155361520733
6973  1.264865145909281
6978  1.265784662343049
6983  1.2649681146972198
6989  1.2623930166602961
6994  1.2624932756756038
6999  1.2590692101833145
7005  1.2500692623965044
7010  1.2507781194826033
7015  1.2426966450472487
7020  1.2527772198925904
7026  1.256772288345416
7031  1.2602767942135598
7036  1.2655511583515116
7041  1.2770531068119721
7047  1.2793027621718631
7052  1.2885312626285947
7057  1.2923002084155404
7062  1.2966856854549156
7068  1.293880198573011
7073  1.298445211097927
7078  1.29590042852424
7083  1.302319742672442
7089  1.3048500234551035
7094  1.3153879285069618
7099  1.3140254184944196
7105  1.3164362038799913
7110  1.3223996066642159
7115  1.3144159087409348
7120  1.3154708940173667
7126  1.3182015673402245
7131  1.3125864720711446
7136  1.3053680022202845
7142  1.3056003395812936
7147  1.2987139701839685
7152  1.2954521308907092
7157  1.2885690322012262
7163  1.2650349280819666
7168  1.2365723005749305
7173  1.2027632362626723
7178  1.142802347725361
7184  1.103235382033422
7189  1.0945020310908888
7194  1.0901766282917627
7200  1.0891226856362761
7205  1.0933446436674108
7210  1.1096245175789639
7215  1.1379703393907556
7221  1.1863456555325893
7226  1.2179250306987564
7231  1.2130641818783272
7236  1.187448160093558
7242  1.159554741739737
7247  1.1425130745085785
7252  1.1513244629535309
7258  1.1604513640004988
7263  1.1630889083718066
7268  1.1671050681405155
7273  1.1691104399730985
7279  1.1719338942018183
7284  1.1659246190000212
7289  1.1655850422034397
7295  1.1682530595120693
7300  1.1813024471512434
7305  1.1881571513771745
7311  1.1872384758574952
7316  1.2084383471569335
7321  1.2203983898308641
7326  1.2389511274313223
7332  1.2633323683811142
7337  1.276700077041151
7342  1.2816561997547837
7348  1.287304624051016
7353  1.291578326357219
7358  1.2851750468802172
7363  1.2866329918364419
7369  1.2875525719343146
7374  1.2941449518270227
7379  1.2957801938420952
7385  1.2976437190987151
7390  1.2853768855110521
7395  1.2785331803425344
7400  1.2773609803890325
7406  1.2811357659556573
7411  1.2931446121973578
7416  1.2988716946474843
7422  1.2947994273641095
7427  1.2993581296261667
7432  1.3056636006209221
7437  1.3053384754922388
7443  1.31208664546528
7448  1.3147217964502573
7453  1.3062223536412634
7459  1.3097953647617528
7464  1.308891246869344
7469  1.3080631825354962
7474  1.3123075873144647
7480  1.3052881566863495
7485  1.3087095754021156
7490  1.3094867442752385
7496  1.3037490543207892
7501  1.295348530246567
7506  1.298714708994717
7512  1.2968325088143897
7517  1.3034854397324924
7522  1.3000465163614265
7528  1.3044540297848228
7533  1.3060347694027716
7538  1.3051397035060088
7543  1.3045664599771207
7549  1.305413338203948
7554  1.300862692624464
7559  1.29947980541448
7565  1.2927735125268844
7570  1.2902229249107389
7575  1.2777876966140858
7581  1.2582927155983987
7586  1.2141678853029882
7591  1.110245985498929
7596  0.9545036711799764
7602  0.7686861643841273
7607  0.5785606517450174
7612  0.4656331839593085
7618  0.4681066286126667
7623  0.5631265596977671
7628  0.647409314995889
7634  0.689680479032731
7639  0.6983979748116089
7644  0.7012256524184527
7650  0.7451830320062217
7655  0.8295631981655337
7660  0.9043030086428444
7666  0.9751960395221034
7671  1.0510862659916533
7676  1.0944890437469443
7682  1.1573241426750356
7687  1.1741969979466989
7692  1.2105379630141917
7697  1.2277532488485625
7703  1.242091072775411
7708  1.241478752206336
7713  1.2447978510620055
7719  1.2401769931214601
7724  1.2532285099064067
7729  1.2468913529040748
7735  1.2572555291127125
7740  1.246785876775759
7745  1.2434679025012365
7751  1.2363415730740956
7756  1.2335853583650027
7761  1.2500507701675476
7767  1.2476802676122465
7772  1.2529244001395794
7777  1.244490423293717
7783  1.241409224842336
7788  1.2347390384666186
7793  1.2397691867455032
7798  1.2394282780953882
7804  1.2404112347325316
7809  1.2429882671356192
7814  1.2383861435324413
7820  1.236704975535942
7825  1.2272875004820152
7830  1.2411907252365184
7836  1.2214015529022708
7841  1.2164902135814009
7846  1.2137419353770977
7852  1.2186299915889787
7857  1.2215204428155062
7862  1.2195835474802836
7868  1.2085164455708317
7873  1.2201141045319601
7878  1.2059790665193733
7884  1.2057649135883048
7889  1.1947995454926186
7894  1.196581892231151
7900  1.1888762603570076
7905  1.1881865331301396
7910  1.1913337955501797
7916  1.176586466696843
7921  1.1639151885013659
7926  1.161156755765782
7932  1.1623818399185681
7937  1.1514205276734428
7942  1.1482215468342583
7948  1.1548590766845626
7953  1.1516545700115195
7958  1.1474278788927847
7964  1.1561742345867378
7969  1.1579813335718905
7974  1.154710396693119
7980  1.1652436147581027
7985  1.1458220335741625
7990  1.1570466805912791
7996  1.1437374416130335
8001  1.1449035706095305
8006  1.122993268773123
8012  1.124243673720101
8017  1.1321621933222286
8022  1.1366307426669005
8028  1.1337724304849985
8033  1.127550502219328
8038  1.1200770609555784
8044  1.1163874966060017
8049  1.1181502533281256
8054  1.118110655762786
8060  1.114706668519936
8065  1.1210516927140575
8070  1.1191885348815456
8076  1.1153897456502162
8081  1.1196007470218947
8086  1.1135712016529455
8092  1.1031758471563862
8097  1.1023901548090385
8102  1.0935139493251005
8108  1.0741017001088589
8113  1.0711278701863067
8118  1.080335994035323
8124  1.0811325107929712
8129  1.0549446468270884
8134  1.0452244592979854
8140  1.009194741722758
8145  0.9896311491002693
8150  0.9664546941008373
8156  0.9397589469469336
8161  0.9310788051172071
8166  0.9147523598260598
8172  0.8988681416453701
8177  0.8855547262676061
8182  0.8985590737480623
8188  0.9017808977292934
8193  0.9101924600552423
8198  0.9146301026506551
8204  0.9305071822440452
8209  0.9394876173842728
8215  0.9625933506552046
8220  0.9688194030292867
8225  0.9381473779781365
8231  0.8891080081279686
8236  0.8639574577578111
8241  0.8686181131045629
8247  0.8758889106712731
8252  0.9163015148444847
8257  0.9680405845746307
8263  0.9731482116580362
8268  0.9661227828961001
8273  0.9529074456500123
8279  0.9637089974209526
8284  0.9475509755996412
8289  0.9401742469858743
8295  0.9284977547908042
8300  0.9392323805043782
8305  0.9285050715188881
8311  0.923867872166069
8316  0.9469667434034512
8321  0.9326415458720637
8327  0.9324024155322723
8332  0.9392583076659463
8338  0.9397210023588884
8343  0.9406457961371464
8348  0.9508141724869629
8354  0.9524190592459796
8359  0.9516943068986772
8364  0.996461727809172
8370  0.9478086775977717
8375  0.9275164189729295
8380  0.9793418570453207
8386  0.9772005677452348
8391  0.9658748034716449
8396  0.9691213541234386
8402  0.9807083425342757
8407  0.9557778629845263
8412  0.9641360503286523
8418  0.9801332894284649
8423  0.9425158860190568
8429  0.9637481592229333
8434  0.9614618038166949
8439  0.9636072838393361
8445  0.977447410733336
8450  1.0071163658400193
8455  0.9592942998756244
8461  0.9563662459681035
8466  0.9685065285667108
8472  0.9724190692533845
8477  0.9649055840066313
8482  0.9513994583145629
8488  0.9597131403482109
8493  0.9435078539987237
8498  0.931385619067029
8504  0.9110232677452712
8509  0.8950303640822413
8514  0.8966598936506555
8520  0.9081777500646278
8525  0.9198460958999364
8531  0.9213549763862784
8536  0.9003859812211583
8541  0.8617337246907766
8547  0.8350819410826037
8552  0.7949911635120063
8557  0.7984689361385143
8563  0.8168382770258095
8568  0.8674324899485298
8573  0.905622514199156
8579  0.912002831166621
8584  0.9196475904619621
8590  0.9216921864222837
8595  0.9218869423153894
8600  0.9103290467294185
8606  0.8954938551571737
8611  0.898084098678641
8616  0.9049698478739623
8622  0.9064840560705497
8627  0.8929358764127115
8632  0.9004561844743507
8638  0.9039405784445969
8643  0.8934562695061443
8649  0.890929679761735
8654  0.8873303293633986
8659  0.8726386470883873
8665  0.8225165303044245
8670  0.7901071003632892
8675  0.7819173322198032
8681  0.8049743257436175
8686  0.8353216563820686
8692  0.8584177062282486
8697  0.8609863916144183
8702  0.8527278486674095
8708  0.8498817710189123
8713  0.8518599860914841
8718  0.8547094964773043
8724  0.8517591769617106
8729  0.8496067331334112
8735  0.8492250390299512
8740  0.8278032786347248
8745  0.8272361702906117
8751  0.8445406801370614
8756  0.8330381318477375
8761  0.8202865959455692
8767  0.8216197047398316
8772  0.8347198497143409
8778  0.8244948054903463
8783  0.8255750247848467
8788  0.8195026164683187
8794  0.8064541301182102
8799  0.7874610529898577
8804  0.7721542518616035
8810  0.799245081611136
8815  0.7968647477078853
8821  0.7982486108339303
8826  0.7955848701863273
8831  0.8099820793040244
8837  0.7991997134976777
8842  0.8137660709174622
8848  0.8011353206021193
8853  0.7752450090553814
8858  0.7569575257950601
8864  0.7567321504295433
8869  0.7870216807603686
8874  0.7720520487601764
8880  0.7623223497273452
8885  0.7933955813004281
8891  0.7763803745222301
8896  0.7658721314794802
8901  0.7867538133296104
8907  0.7503228316392292
8912  0.7415695319661527
8918  0.7499821711652755
8923  0.7541407315261666
8928  0.7376408772952596
8934  0.7447473789746701
8939  0.7425004933380068
8944  0.7600418827127934
8950  0.7180756463512451
8955  0.7140293658625033
8961  0.6949512435113882
8966  0.6689928044725385
8971  0.6400834861065868
8977  0.6367789305676259
8982  0.6012790245623585
8987  0.593793794505081
8993  0.5962443974960155
8998  0.5809821352174844
9004  0.557572338832102
9009  0.5498089518414776
9014  0.5420655404042048
9020  0.5513435983447621
9025  0.5537155038408523
9031  0.5615018451805022
9036  0.5589184705084438
9041  0.5735994346635982
9047  0.5889798211244186
9052  0.6254364304246465
9058  0.6359108216765084
9063  0.6260907373869625
9068  0.6190354847525562
9074  0.5961964091681489
9079  0.5602538856783409
9085  0.5493097337640162
9090  0.5295113019297824
9095  0.5226463667647219
9101  0.5178581276718476
9106  0.5167223227941379
9112  0.5135808676907812
9117  0.5137399394278616
9122  0.5184520283429082
9128  0.527441725621873
9133  0.5361931578840363
9139  0.5290972833440409
9144  0.5098858071152297
9149  0.4907865238904352
9155  0.4895385750708224
9160  0.49522003991213
9166  0.49234661749494346
9171  0.48765461153540546
9176  0.48743119078298797
9182  0.4924897773019286
9187  0.48932723323334204
9193  0.4819911205491718
9198  0.4815022323968363
9203  0.4914426013325506
9209  0.5152017873985559
9214  0.5245446788575591
9220  0.5221060087702057
9225  0.5097735510683411
9230  0.5034041093807649
9236  0.49837786393387284
9241  0.4974138161842738
9247  0.49192727686583215
9252  0.4857368381628396
9257  0.48020499974252545
9263  0.48028248764530806
9268  0.47879813622116796
9274  0.48066684772228385
9279  0.47326581156418457
9284  0.47522472339716065
9290  0.4498395151648201
9295  0.4200280868309205
9301  0.4009561889957765
9306  0.3750131791990805
9312  0.3500634899972149
9317  0.3327779422582286
9322  0.3118326241303418
9328  0.2810419260840651
9333  0.25408692303564223
9339  0.22316729702573862
9344  0.21735899435263906
9349  0.20815139767817073
9355  0.16844226864481834
9360  0.1541182521005327
9366  0.16501279467790822
9371  0.18395866313033915
9376  0.19276888125413505
9382  0.1935091135792397
9387  0.1911536738277733
9393  0.191468162113794
9398  0.19881816005050382
9403  0.20666470319389862
9409  0.2590017038138355
9414  0.28808765080898024
9420  0.31006698670217164
9425  0.3046751612911613
9430  0.3278892864973818
9436  0.33376388318789013
9441  0.3399400277944401
9447  0.34310903048586766
9452  0.3407540636642428
9458  0.33217371472008794
9463  0.3188095032281933
9468  0.309920911670267
9474  0.3245805019370297
9479  0.321235685908663
9485  0.3215591778149074
9490  0.32962479129716865
9496  0.3330158034338711
9501  0.3264731707473916
9506  0.320843022810036
9512  0.31189863260631173
9517  0.30383781647702907
9523  0.30779618823461713
9528  0.3134680119557931
9533  0.33077494339406527
9539  0.3249115793930942
9544  0.32050143430599864
9550  0.31916388954477604
9555  0.3180138098441176
9560  0.3348845982786159
9566  0.3322395973595624
9571  0.3295377993843587
9577  0.32652694731558307
9582  0.3251240983855269
9587  0.32818356193243436
9593  0.3360999919305251
9598  0.3518958669432856
9603  0.3430029191530619
9609  0.33921964180743974
9614  0.33062127011095793
9620  0.33105440207849374
9625  0.3345648988237821
9631  0.338665422164059
9636  0.3426690991258594
9641  0.3396724164801923
9647  0.3367723958206626
9652  0.3368019425170567
9658  0.34491155553170005
9663  0.3481966380788237
9669  0.3426607706140863
9674  0.3486453655256097
9679  0.34584381482830456
9685  0.3547155381144281
9690  0.348244559992822
9696  0.3567783237131239
9701  0.3635541806137662
9707  0.37732041783025605
9712  0.3784915500758636
9718  0.3767670894336195
9723  0.3657623762391706
9728  0.36548404677207647
9734  0.3632241376916688
9739  0.3709996146594287
9745  0.3599107688403959
9750  0.353329058135873
9755  0.34022139279934765
9761  0.33022248205887766
9766  0.32674620193032783
9772  0.32381955090786296
9777  0.3158237570051141
9782  0.3089038705655407
9788  0.3146149629419269
9793  0.32129844920954176
9799  0.32049503573543403
9804  0.3218030114400169
9809  0.3161249537696371
9815  0.31563639760733575
9820  0.3135846810200134
9826  0.3149502482640959
9831  0.3068594996947347
9837  0.3107583107011274
9842  0.30508578781187834
9847  0.3013109824300683
9853  0.30074281679216863
9858  0.3035142604696987
9864  0.2940934442624699
9869  0.29935155208736713
9875  0.2887367012002744
9880  0.28255916004308
9885  0.2841662111942127
9891  0.2832609309242244
9896  0.2810915177240983
9902  0.2852973254362587
9907  0.283369485844886
9913  0.282920304211659
9918  0.2799851256802377
9923  0.2808094538942716
9929  0.2799124140094341
9934  0.28050363736121164
9940  0.2768930701216747
9945  0.2740423935563879
9950  0.2726750777613275
9956  0.27780556979940974
9961  0.28007735112869253
9967  0.2783546081629324
9972  0.2737851170620433
9977  0.2616090625577177
9983  0.25979580417153214
9988  0.25779071513130664
9994  0.264523137829356
9999  0.2510831551666085
10005  0.24965731119285223
10010  0.23865289902785392
10016  0.2459367322339307
10021  0.24655343248144068
10026  0.2489539482547596
10032  0.24832075201086332
10037  0.24586916224041117
10043  0.24857299826007254
10048  0.24279891907491488
10054  0.240661789202785
10059  0.24214407281789016
10065  0.22738283769374032
10070  0.2197647433518163
10076  0.2205750473750065
10081  0.22297725871788568
10086  0.22122593147328196
10092  0.21859009857515282
10097  0.21215224864096904
10103  0.2129549749184144
10108  0.2109348815285942
10114  0.20823581865380814
10119  0.20962113979672628
10125  0.21413681646788402
10130  0.21594147687756088
10136  0.21189691818477815
10141  0.20639631349073317
10146  0.20305032179384008
10152  0.1974873251033317
10157  0.19097171340121666
10163  0.1894015570020093
10168  0.18928394754003003
10173  0.18937427117748779
10179  0.18883903446479625
10184  0.1843054271485444
10190  0.1863274459196137
10195  0.18375407478383135
10200  0.1835004053316623
10205  0.1824484421144422
10214  0.18562875661807512
10218  0.1895847607437656
10224  0.18411780319218313
10229  0.18195319055803924
10235  0.17872428018159234
10240  0.1755245481212026
10245  0.1803127835013337
10251  0.14393855448027773
