#  This file contains the final extracted (wavelength, spec normalised, airmass, shifted, divised by star, filtered, cut) data 
0.4838  0.8819622787662523
0.4858  0.8867705419006704
0.4853  0.8867705419006704
0.4889  0.8867705419006704
0.4882  0.8819622787662523
0.48900000000000005  0.8795784765950864
0.48950000000000005  0.8642337066556599
0.49000000000000005  0.8462182145933449
0.49050000000000005  0.8462182145933449
0.49100000000000005  0.8462182145933449
0.49150000000000005  0.8462182145933449
0.49200000000000005  0.8564538951345727
0.49250000000000005  0.8564538951345727
0.49300000000000005  0.8578187579272055
0.49350000000000005  0.8578187579272055
0.49400000000000005  0.8578187579272055
0.49450000000000005  0.8578187579272055
0.49500000000000005  0.8603976877607348
0.4955  0.8578187579272055
0.49610000000000004  0.8578187579272055
0.49660000000000004  0.8599485432735936
0.49710000000000004  0.8599485432735936
0.49760000000000004  0.8498743874530523
0.49810000000000004  0.8469941380263377
0.49860000000000004  0.8463401073582582
0.49910000000000004  0.8463401073582582
0.49960000000000004  0.8463401073582582
0.5001  0.8463401073582582
0.5006  0.8463401073582582
0.5011  0.8621289052683528
0.5016  0.8770069745744943
0.5022  0.8833189873531746
0.5027  0.8833189873531746
0.5032  0.8833189873531746
0.5037  0.8833189873531746
0.5042  0.8833189873531746
0.5047  0.8830838964836882
0.5052  0.8830838964836882
0.5057  0.8773421565234886
0.5062  0.8773421565234886
0.5067  0.87491984818624
0.5072  0.8738819129291149
0.5077  0.8738819129291149
0.5082  0.8749089514782474
0.5088  0.8749089514782474
0.5093  0.8749089514782474
0.5098  0.8782272501567228
0.5103  0.892397223977306
0.5108  0.8941534477906932
0.5113  0.8946648133858449
0.5118  0.8941534477906932
0.5123  0.8941534477906932
0.5128  0.8941534477906932
0.5133  0.8916708229370796
0.5138  0.8853672354432107
0.5144000000000001  0.8702399004889072
0.5149  0.8674000159855714
0.5154  0.8667638585758974
0.5159  0.853821519451913
0.5164  0.853821519451913
0.5169  0.853821519451913
0.5174  0.853821519451913
0.5179  0.8649348007260683
0.5184  0.8804927723931125
0.5189  0.8998584894378712
0.5195000000000001  0.9001135260601506
0.52  0.9037232863368406
0.5205000000000001  0.9037232863368406
0.521  0.9037232863368406
0.5215000000000001  0.9037232863368406
0.522  0.9037232863368406
0.5225000000000001  0.9037232863368406
0.523  0.9037232863368406
0.5235000000000001  0.9026130827022594
0.524  0.9026130827022594
0.5246000000000001  0.9026130827022594
0.5251  0.9026130827022594
0.5256000000000001  0.9026130827022594
0.5261  0.9026130827022594
0.5266000000000001  0.9026130827022594
0.5271  0.9053679242795041
0.5276000000000001  0.9211287051608369
0.5281  0.9296841626689802
0.5286000000000001  0.9296841626689802
0.5291  0.9296841626689802
0.5297000000000001  0.9296841626689802
0.5302  0.9234633787885016
0.5307000000000001  0.919834761214975
0.5312  0.9171347000386804
0.5317000000000001  0.9010487929457331
0.5322  0.9010487929457331
0.5327000000000001  0.9010487929457331
0.5332  0.9010487929457331
0.5337000000000001  0.91440851122838
0.5343  0.9270539348098356
0.5348  0.9270539348098356
0.5353  0.9270539348098356
0.5358  0.9270539348098356
0.5363  0.9266912670946026
0.5368  0.9261032482101962
0.5373  0.9246085886438016
0.5378000000000001  0.9217205802624716
0.5384  0.9156743418702155
0.5389  0.9156743418702155
0.5394  0.9127662653083144
0.5399  0.9127662653083144
0.5404  0.9127662653083144
0.5409  0.91548592602844
0.5414  0.9163878171243983
0.5419  0.9179302462031848
0.5425  0.9263905293506411
0.543  0.9425497809145835
0.5435  0.9425497809145835
0.544  0.9425497809145835
0.5445  0.9292819579881403
0.545  0.9252204301437801
0.5455  0.9292819579881403
0.546  0.9292819579881403
0.5465  0.9292819579881403
0.5471  0.9292819579881403
0.5476  0.9302424535601095
0.5481  0.9317445452458746
0.5486  0.9324800625363889
0.5491  0.938043947045548
0.5496  0.938043947045548
0.5501  0.938043947045548
0.5507000000000001  0.938043947045548
0.5512  0.9387993191393262
0.5517000000000001  0.9399625664109721
0.5522  0.9399585760849464
0.5527000000000001  0.9399585760849464
0.5532  0.9399585760849464
0.5537000000000001  0.9399585760849464
0.5543  0.9407949706782626
0.5548000000000001  0.9399585760849464
0.5553  0.9362038409577835
0.5558000000000001  0.9344699505363587
0.5563  0.9322748543535863
0.5568000000000001  0.9328488124082799
0.5573  0.9328517519695081
0.5579000000000001  0.9328517519695081
0.5584  0.9328517519695081
0.5589000000000001  0.9328517519695081
0.5594  0.9328517519695081
0.5599000000000001  0.9412193236878205
0.5604  0.9412193236878205
0.5609000000000001  0.9412193236878205
0.5615  0.9406764383986912
0.562  0.9410164633436965
0.5625  0.9410164633436965
0.5630000000000001  0.9410164633436965
0.5635  0.9406764383986912
0.5640000000000001  0.9406764383986912
0.5645  0.9406764383986912
0.5650000000000001  0.9405751192962838
0.5656  0.9352642810428269
0.5661  0.9352642810428269
0.5666  0.9352642810428269
0.5671  0.9352642810428269
0.5676  0.9474210875569025
0.5681  0.9474210875569025
0.5686  0.9519343333691813
0.5692  0.9519738480680766
0.5697  0.9519738480680766
0.5702  0.9519738480680766
0.5707  0.9548990900309301
0.5712  0.9590036283434049
0.5717  0.9590036283434049
0.5723  0.9590036283434049
0.5728  0.9587255171127782
0.5733  0.9586016009262756
0.5738  0.9584425558601154
0.5743  0.9584425558601154
0.5748  0.95670393587194
0.5753  0.9532356600258828
0.5759000000000001  0.9532356600258828
0.5764  0.9532356600258828
0.5769000000000001  0.9532356600258828
0.5774  0.9511029216575441
0.5779000000000001  0.9500396604793429
0.5784  0.9500396604793429
0.5790000000000001  0.9511029216575441
0.5795  0.9511029216575441
0.5800000000000001  0.9511029216575441
0.5805  0.950953736722907
0.5810000000000001  0.9549405995245133
0.5815  0.9624524428708587
0.5820000000000001  0.9625125507400669
0.5826  0.9625125507400669
0.5831000000000001  0.9625125507400669
0.5836  0.9537018547629688
0.5841000000000001  0.9561836896327992
0.5846  0.9561836896327992
0.5851000000000001  0.9561836896327992
0.5857  0.9561836896327992
0.5862  0.9607908784507005
0.5867  0.9607908784507005
0.5872  0.9607908784507005
0.5877  0.9607908784507005
0.5882000000000001  0.9500588908006021
0.5888  0.9500588908006021
0.5893  0.9500588908006021
0.5898  0.9500588908006021
0.5903  0.955691918204989
0.5908  0.9687605064037714
0.5913  0.9716404958574691
0.5919  0.9716404958574691
0.5924  0.9716404958574691
0.5929  0.9716811591969514
0.5934  0.9716404958574691
0.5939  0.971564397434831
0.5945  0.971564397434831
0.595  0.971564397434831
0.5955  0.971564397434831
0.596  0.971564397434831
0.5965  0.971564397434831
0.597  0.9718578568898504
0.5976  0.9718578568898504
0.5981000000000001  0.9718578568898504
0.5986  0.9718578568898504
0.5991000000000001  0.9751597654400447
0.5996  0.9751597654400447
0.6002000000000001  0.9740832570003557
0.6007  0.9740832570003557
0.6012000000000001  0.9761483178254041
0.6017  0.9740832570003557
0.6022000000000001  0.9720452384549254
0.6027  0.9720411253408328
0.6033000000000001  0.9720411253408328
0.6038  0.9720452384549254
0.6043000000000001  0.9788245863141563
0.6048  0.9737353281011123
0.6053000000000001  0.9795423684033226
0.6059  0.9802091685160352
0.6064  0.9802163286198738
0.6069  0.9802091685160352
0.6074  0.9795423684033226
0.6079  0.9750466217303265
0.6084  0.9795423684033226
0.609  0.9759568274693936
0.6095  0.9759568274693936
0.61  0.9759568274693936
0.6105  0.9836392487173657
0.611  0.9839542868281964
0.6116  0.9839542868281964
0.6121  0.9839542868281964
0.6126  0.9839542868281964
0.6131  0.9817750040789625
0.6136  0.9803703461251821
0.6142000000000001  0.9785481194063954
0.6147  0.9785481194063954
0.6152000000000001  0.9785481194063954
0.6157  0.9803703461251821
0.6162000000000001  0.9847419108485258
0.6168  0.9908704952348991
0.6173000000000001  0.9940306071499473
0.6178  0.9944802957916187
0.6183000000000001  0.9994692189359728
0.6188  0.9994692189359728
0.6194000000000001  0.9994692189359728
0.6199  0.9995864341292985
0.6204000000000001  0.9995864341292985
0.6209  0.9976887681131974
0.6214000000000001  0.9963358517875331
0.622  0.9963358517875331
0.6225  0.9963358517875331
0.623  0.9963358517875331
0.6235  0.9963358517875331
0.624  0.9959557802141947
0.6245  0.9919164520038338
0.6251  0.9959557802141947
0.6256  0.9956701321473787
0.6261  0.9956701321473787
0.6266  0.9975661230257514
0.6272  0.9978389247735311
0.6277  0.9986370227698872
0.6282  0.9988992984906645
0.6287  1.0044987161653673
0.6292  1.004865143013998
0.6298  1.0065941529742846
0.6303000000000001  1.0065941529742846
0.6308  1.0065941529742846
0.6313000000000001  1.0065127758815606
0.6318  1.0065127758815606
0.6324000000000001  1.0065941529742846
0.6329  1.0126451223901465
0.6334000000000001  1.0065127758815606
0.6339  1.009092502791351
0.6345000000000001  1.009092502791351
0.635  1.0126451223901465
0.6355000000000001  1.014364722238532
0.636  1.014364722238532
0.6365000000000001  1.013470770191305
0.6371  1.013470770191305
0.6376000000000001  1.0141200778213246
0.6381  1.0141576920858504
0.6386000000000001  1.0141200778213246
0.6391  1.013470770191305
0.6397  1.0123690146542874
0.6402  1.010310261254745
0.6407  1.0045623611193777
0.6412  1.0045623611193777
0.6417  1.0045623611193777
0.6423  1.0045623611193777
0.6428  1.005511952350826
0.6433  1.006186712531065
0.6438  1.0088691475853024
0.6444000000000001  1.0096255347893628
0.6449  1.010685002028398
0.6454000000000001  1.0122132648899618
0.6459  1.0122132648899618
0.6464000000000001  1.0146951330629728
0.647  1.0148563579118495
0.6475000000000001  1.022290543968772
0.648  1.022290543968772
0.6485000000000001  1.022290543968772
0.6491  1.0233641538795426
0.6496000000000001  1.0233641538795426
0.6501  1.0233641538795426
0.6506000000000001  1.0247193071240492
0.6511  1.0284734290174153
0.6517000000000001  1.0284734290174153
0.6522  1.0284734290174153
0.6527000000000001  1.0284734290174153
0.6532  1.0274863890995052
0.6538  1.0258558480920632
0.6543  1.025455339112239
0.6548  1.0234119238148398
0.6553  1.01838061133315
0.6559  1.013268049818284
0.6564  1.013268049818284
0.6569  1.013268049818284
0.6574  1.013268049818284
0.6579  1.0387939570213234
0.6585000000000001  1.0487898890738272
0.659  1.0487898890738272
0.6595000000000001  1.0487898890738272
0.66  1.0487898890738272
0.6606000000000001  1.0407803489100278
0.6611  1.0370912431292119
0.6616000000000001  1.0325971683059374
0.6621  1.0321629077868082
0.6627000000000001  1.030326944350535
0.6632  1.0321629077868082
0.6637000000000001  1.0321524605403576
0.6642  1.0321524605403576
0.6647000000000001  1.0321524605403576
0.6653  1.0327404381436858
0.6658000000000001  1.0327404381436858
0.6663  1.0327404381436858
0.6668000000000001  1.0327404381436858
0.6674  1.0327404381436858
0.6679  1.0327404381436858
0.6684  1.0316787333027355
0.6689  1.0314351631446184
0.6695  1.0316787333027355
0.67  1.0316787333027355
0.6705  1.0316787333027355
0.671  1.0314351631446184
0.6716000000000001  1.0314351631446184
0.6721  1.035727140231199
0.6726000000000001  1.036985206387367
0.6731  1.0371866859678223
0.6737000000000001  1.0376333591197402
0.6742  1.0376333591197402
0.6747000000000001  1.0376333591197402
0.6752  1.0376333591197402
0.6758000000000001  1.0371866859678223
0.6763  1.035919277981781
0.6768000000000001  1.033568306907478
0.6773  1.033568306907478
0.6779000000000001  1.035919277981781
0.6784  1.0381940922814916
0.6789000000000001  1.0395570137421257
0.6794  1.0395570137421257
0.68  1.0395570137421257
0.6805  1.041449593094606
0.681  1.041449593094606
0.6815  1.0377335710228335
0.6821  1.0374318174687267
0.6826  1.036478273152474
0.6831  1.036478273152474
0.6836  1.035621375615454
0.6842  1.0314542602891907
0.6847000000000001  1.0284063652248334
0.6852  1.0254684387539432
0.6857000000000001  1.0220420985419774
0.6863  1.014958114459569
0.6868000000000001  1.014958114459569
0.6873  1.014958114459569
0.6878000000000001  1.014958114459569
0.6884  1.015939122599843
0.6889000000000001  1.0401834825544753
0.6894  1.0670956955267519
0.6899000000000001  1.0672673044952141
0.6905  1.0718600030919827
0.6910000000000001  1.0718600030919827
0.6915  1.0674086946701076
0.6920000000000001  1.0672673044952141
0.6926  1.0670956955267519
0.6931  1.0656866089223915
0.6936  1.0578045364804032
0.6941  1.0578045364804032
0.6947  1.0578045364804032
0.6952  1.0578045364804032
0.6957  1.0578045364804032
0.6962  1.0576637442238415
0.6968000000000001  1.0576637442238415
0.6973  1.055144875200075
0.6978000000000001  1.0504639019644781
0.6983  1.0464828275401412
0.6989000000000001  1.0460231872838077
0.6994  1.0460231872838077
0.6999000000000001  1.0447991347398875
0.7005  1.0460231872838077
0.7010000000000001  1.0464828275401412
0.7015  1.0493177971557743
0.7020000000000001  1.0523888190067312
0.7026  1.0564402430557998
0.7031000000000001  1.0564402430557998
0.7036  1.0582058282799014
0.7041000000000001  1.0582058282799014
0.7047  1.0582058282799014
0.7052  1.0563840636438409
0.7057  1.0555640120895702
0.7062  1.0543551322346456
0.7068  1.0543551322346456
0.7073  1.0543551322346456
0.7078  1.0543551322346456
0.7083  1.0545185079574313
0.7089000000000001  1.0547199830772571
0.7094  1.057698035365797
0.7099000000000001  1.0586340091720072
0.7105  1.0586340091720072
0.7110000000000001  1.0607248866930807
0.7115  1.0586340091720072
0.7120000000000001  1.0586340091720072
0.7126  1.0576155387443853
0.7131000000000001  1.0556639800114622
0.7136  1.0494427475220551
0.7142000000000001  1.0485346898558991
0.7147  1.0481957071768206
0.7152000000000001  1.0449127362738537
0.7157  1.0447395502010912
0.7163  1.044559007387968
0.7168  1.0422279258278655
0.7173  1.0422279258278655
0.7178  1.0422279258278655
0.7184  1.044559007387968
0.7189  1.0568335210931445
0.7194  1.0831861338024331
0.7200000000000001  1.0931447607811906
0.7205  1.0935973140661333
0.7210000000000001  1.1014423830587095
0.7215  1.1014423830587095
0.7221000000000001  1.1014423830587095
0.7226  1.1014423830587095
0.7231000000000001  1.0956256538647828
0.7236  1.074075076990732
0.7242000000000001  1.074075076990732
0.7247  1.074075076990732
0.7252000000000001  1.074075076990732
0.7258  1.0908658697850855
0.7263000000000001  1.0908658697850855
0.7268  1.0908658697850855
0.7273000000000001  1.0908658697850855
0.7279  1.089941167123329
0.7284  1.089941167123329
0.7289  1.089941167123329
0.7295  1.085533684496025
0.73  1.085533684496025
0.7305  1.0941397180437895
0.7311000000000001  1.0941989455208212
0.7316  1.0944485816499034
0.7321000000000001  1.0944485816499034
0.7326  1.0941989455208212
0.7332000000000001  1.0941989455208212
0.7337  1.0940063918800362
0.7342000000000001  1.0875441810260917
0.7348  1.0761559482680394
0.7353000000000001  1.0673229268177487
0.7358  1.0673229268177487
0.7363000000000001  1.0673229268177487
0.7369  1.0673229268177487
0.7374  1.0637776907720307
0.7379  1.0637776907720307
0.7385  1.0637776907720307
0.739  1.0596705429595359
0.7395  1.0596705429595359
0.74  1.0596705429595359
0.7406  1.0596705429595359
0.7411  1.066079374946994
0.7416  1.0663104246168247
0.7422000000000001  1.0663104246168247
0.7427  1.0663104246168247
0.7432000000000001  1.066079374946994
0.7437  1.0655080359412716
0.7443000000000001  1.0650831776001786
0.7448  1.0636648392711017
0.7453000000000001  1.0552162695960947
0.7459  1.0552162695960947
0.7464000000000001  1.0541086448029984
0.7469  1.0541086448029984
0.7474000000000001  1.0552162695960947
0.748  1.0542459568067526
0.7485  1.0542459568067526
0.749  1.0560492415464013
0.7496  1.0560492415464013
0.7501  1.0561690611561048
0.7506  1.0580987793674896
0.7512000000000001  1.058941758811233
0.7517  1.0595562729620038
0.7522000000000001  1.0602726278493404
0.7528  1.0606853627008166
0.7533000000000001  1.0606853627008166
0.7538  1.0602726278493404
0.7543000000000001  1.0602726278493404
0.7549  1.0594312247987616
0.7554000000000001  1.058485674613233
0.7559  1.0569023304889316
0.7565000000000001  1.0521795433358427
0.757  1.0515468493962268
0.7575000000000001  1.0406011929915704
0.7581  1.03348839277923
0.7586  1.0315732395227293
0.7591  0.9937631076182211
0.7596  0.939944915468594
0.7602  0.9088022410351491
0.7607  0.9088022410351491
0.7612  0.9088022410351491
0.7618  0.9088022410351491
0.7623000000000001  1.1751692845059138
0.7628  1.1751692845059138
0.7634000000000001  1.1751692845059138
0.7639  1.2004112841435717
0.7644000000000001  1.2135724004720216
0.765  1.2004112841435717
0.7655000000000001  1.1915617479249632
0.766  1.18372878367314
0.7666000000000001  1.18372878367314
0.7671  1.18372878367314
0.7676000000000001  1.1524776175715519
0.7682  1.1477481946070087
0.7687  1.1035565525025235
0.7692  1.1010017031925936
0.7697  1.0824769038313005
0.7703  1.0783995888483906
0.7708  1.0675667093345436
0.7713  1.063642583660423
0.7719  1.063177443902179
0.7724000000000001  1.0622778543116878
0.7729  1.0556661068131428
0.7735000000000001  1.0535332145415528
0.774  1.0518368557951974
0.7745000000000001  1.0518368557951974
0.7751  1.0518368557951974
0.7756000000000001  1.0518368557951974
0.7761  1.0532279418929136
0.7767000000000001  1.0532279418929136
0.7772  1.0532279418929136
0.7777000000000001  1.0532279418929136
0.7783  1.0492676186510874
0.7788  1.0492676186510874
0.7793  1.0492676186510874
0.7798  1.0491836863362698
0.7804  1.0491836863362698
0.7809  1.0491836863362698
0.7814  1.0493602765178498
0.782  1.0493602765178498
0.7825000000000001  1.0488934690857434
0.783  1.0433648486224647
0.7836000000000001  1.0423786745091244
0.7841  1.0423786745091244
0.7846000000000001  1.0423786745091244
0.7852  1.0396060277825814
0.7857000000000001  1.0423786745091244
0.7862  1.0423786745091244
0.7868  1.0446909099365593
0.7873  1.0446909099365593
0.7878000000000001  1.0446909099365593
0.7884  1.0423617576304118
0.7889  1.0446909099365593
0.7894  1.0446909099365593
0.79  1.0455621611049533
0.7905000000000001  1.0455621611049533
0.791  1.0466212502999257
0.7916000000000001  1.04870315720588
0.7921  1.04870315720588
0.7926000000000001  1.0466212502999257
0.7932  1.0466212502999257
0.7937000000000001  1.0466212502999257
0.7942  1.0466212502999257
0.7948000000000001  1.0470694488787065
0.7953  1.0470694488787065
0.7958000000000001  1.0496775881419023
0.7964  1.0527423584868347
0.7969  1.0496775881419023
0.7974  1.0496775881419023
0.798  1.0496775881419023
0.7985  1.0495737263223202
0.799  1.0410035771571322
0.7996000000000001  1.0380043880995447
0.8001  1.0380043880995447
0.8006000000000001  1.0380043880995447
0.8012  1.0380043880995447
0.8017000000000001  1.0389295200152697
0.8022  1.0389295200152697
0.8028000000000001  1.0389295200152697
0.8033  1.0389295200152697
0.8038000000000001  1.0374813858691623
0.8044  1.0373767895745893
0.8049000000000001  1.0372681282587342
0.8054  1.0360046477022142
0.806  1.0353487455032553
0.8065  1.031510913618388
0.807  1.0314525012509026
0.8076  1.0308170787105817
0.8081  1.0305620237529334
0.8086  1.0299409202562395
0.8092  1.029556709171254
0.8097000000000001  1.029333623430297
0.8102  1.029333623430297
0.8108000000000001  1.029333623430297
0.8113  1.029333623430297
0.8118000000000001  1.0277033613457756
0.8124  1.0270638950378659
0.8129000000000001  1.0270638950378659
0.8134  1.0270638950378659
0.8140000000000001  1.0236208087963068
0.8145  1.0236208087963068
0.8150000000000001  1.0236208087963068
0.8156  1.0236208087963068
0.8161  1.0311191380317508
0.8166  1.032424101437319
0.8172  1.0326151287433771
0.8177000000000001  1.0328481324373062
0.8182  1.0501732290570802
0.8188000000000001  1.0598711751364158
0.8193  1.0598711751364158
0.8198000000000001  1.061114006256092
0.8204  1.0645752242738649
0.8209000000000001  1.0645752242738649
0.8215  1.061114006256092
0.8220000000000001  1.0555638671163932
0.8225  1.0392143609459648
0.8231  1.0283330181923622
0.8236  1.0283330181923622
0.8241  1.0283330181923622
0.8247  1.0283330181923622
0.8252  1.0309195710143786
0.8257  1.0309195710143786
0.8263  1.0309195710143786
0.8268000000000001  1.0309195710143786
0.8273  1.0292353671625354
0.8279000000000001  1.02865287112663
0.8284  1.02865287112663
0.8289000000000001  1.0272452236657263
0.8295  1.0272452236657263
0.8300000000000001  1.0272452236657263
0.8305  1.0272452236657263
0.8311000000000001  1.0246982411340262
0.8316  1.02696232147975
0.8321000000000001  1.02696232147975
0.8327  1.0269416911114608
0.8332  1.02696232147975
0.8338  1.02696232147975
0.8343  1.02696232147975
0.8348  1.0287803990692486
0.8354  1.0287803990692486
0.8359000000000001  1.0269416911114608
0.8364  1.016295380380251
0.8370000000000001  1.0139641367800325
0.8375  1.0102686213312748
0.8380000000000001  1.0014905747868852
0.8386  1.0014905747868852
0.8391000000000001  1.0014905747868852
0.8396  1.0014905747868852
0.8402000000000001  1.0014905747868852
0.8407  0.9979709351137401
0.8412000000000001  0.9914264596272557
0.8418  0.989820716235333
0.8423  0.989820716235333
0.8429000000000001  0.9914264596272557
0.8434  0.994647142265523
0.8439000000000001  0.994647142265523
0.8445  0.994647142265523
0.8450000000000001  0.9956758672167113
0.8455  1.001395706901773
0.8461000000000001  1.001395706901773
0.8466  1.0002604832301714
0.8472000000000001  1.0002604832301714
0.8477  1.0002604832301714
0.8482000000000001  1.0002604832301714
0.8488  0.9922579604104962
0.8493  0.9881465870261686
0.8498  0.9859480763384572
0.8504  0.9859480763384572
0.8509  0.9859480763384572
0.8514  0.9859480763384572
0.8520000000000001  0.9855010980088077
0.8525  0.9855010980088077
0.8531000000000001  0.9855010980088077
0.8536  0.9855010980088077
0.8541000000000001  0.9567228871853595
0.8547  0.9567228871853595
0.8552000000000001  0.9567228871853595
0.8557  0.9567228871853595
0.8563000000000001  0.9821100206101662
0.8568  0.9993119485783527
0.8573000000000001  0.9993119485783527
0.8579  0.9993119485783527
0.8584  0.9993119485783527
0.859  0.9941679422206239
0.8595  0.9916603410548505
0.86  0.9827561025505349
0.8606  0.9827561025505349
0.8611000000000001  0.9793552741567678
0.8616  0.9793552741567678
0.8622000000000001  0.9809582295094196
0.8627  0.9809582295094196
0.8632000000000001  0.9809582295094196
0.8638  0.9763979469224857
0.8643000000000001  0.9725084067005955
0.8649  0.9718605751492512
0.8654000000000001  0.9713720139077242
0.8659  0.9700144463531872
0.8665  0.9700144463531872
0.867  0.9700144463531872
0.8675  0.9700144463531872
0.8681000000000001  0.9767652786615789
0.8686  0.9867513197179595
0.8692000000000001  0.9867513197179595
0.8697  0.9867513197179595
0.8702000000000001  0.9867513197179595
0.8708  0.9672762342699874
0.8713000000000001  0.9672423123281381
0.8718  0.9672423123281381
0.8724000000000001  0.9668217410514897
0.8729  0.9656260769227502
0.8735  0.9668217410514897
0.874  0.9656260769227502
0.8745  0.9646099627803404
0.8751  0.9612020620637228
0.8756  0.9612020620637228
0.8761  0.9646099627803404
0.8767  0.9680806695760429
0.8772000000000001  0.9646099627803404
0.8778  0.9612020620637228
0.8783000000000001  0.9612020620637228
0.8788  0.9592564886532374
0.8794000000000001  0.9459638956513667
0.8799  0.9459638956513667
0.8804000000000001  0.9459638956513667
0.881  0.9459638956513667
0.8815000000000001  0.9496426635763905
0.8821  0.955110426041957
0.8826  0.9562644545061117
0.8831  0.9643492269409097
0.8837  0.9643492269409097
0.8842000000000001  0.9643492269409097
0.8848  0.9643492269409097
0.8853000000000001  0.9641790656336968
0.8858  0.9484652422960379
0.8864000000000001  0.9484652422960379
0.8869  0.9484652422960379
0.8874000000000001  0.9495489648418939
0.888  0.9593890476630856
0.8885000000000001  0.9641790656336968
0.8891  0.9593890476630856
0.8896000000000001  0.9593890476630856
0.8901  0.9593890476630856
0.8907  0.9456971135671747
0.8912  0.9374436829473288
0.8918  0.9374436829473288
0.8923000000000001  0.9374436829473288
0.8928  0.9456971135671747
0.8934000000000001  0.9507599619463629
0.8939  0.9542990146214152
0.8944000000000001  0.9542990146214152
0.895  0.9542990146214152
0.8955000000000001  0.9542990146214152
0.8961  0.9516320240204813
0.8966000000000001  0.9493653852994649
0.8971  0.9493653852994649
0.8977  0.9493653852994649
0.8982  0.9493653852994649
0.8987  0.9499208262409733
0.8993  0.9505049744350571
0.8998  0.9622541526668272
0.9004000000000001  0.9648129887034882
0.9009  0.968365246492203
0.9014000000000001  0.968365246492203
0.902  0.9910184302793701
0.9025000000000001  0.9913303111558962
0.9031  0.9937243747201674
0.9036000000000001  1.006347191206247
0.9041  1.0073748095683974
0.9047000000000001  1.0073748095683974
0.9052  1.006347191206247
0.9058  1.006347191206247
0.9063  0.9667083972678192
0.9068  0.9548730770465255
0.9074000000000001  0.9337905994276027
0.9079  0.9337905994276027
0.9085000000000001  0.9337905994276027
0.909  0.9337905994276027
0.9095000000000001  0.9571848752509632
0.9101  0.9653712792795902
0.9106000000000001  0.9768124262816715
0.9112  0.9790370160214862
0.9117000000000001  0.9794348725317216
0.9122  0.9871948939989603
0.9128000000000001  0.9871948939989603
0.9133  0.9871948939989603
0.9139  0.9871948939989603
0.9144  0.987688392738455
0.9149  0.9838043479387454
0.9155000000000001  0.9782522739651429
0.916  0.9782522739651429
0.9166000000000001  0.9838043479387454
0.9171  0.9838043479387454
0.9176000000000001  0.9838043479387454
0.9182  0.9828913342753356
0.9187000000000001  0.9782566818754328
0.9193  0.9828913342753356
