#  This file contains the final extracted (wavelength, spec normalised) data 
4843  9187.777390837737
4849  11864.279971916669
4870  12266.687017137665
4838  12814.79587079974
4858  13233.155151144938
4853  13868.138868945955
4889  14222.677882644544
4882  14730.580435277716
4890  14980.103849300813
4895  15148.712947584125
4900  15173.992309957735
4905  15333.739199648175
4910  15391.154919316057
4915  15640.854590615274
4920  16235.458323389228
4925  16667.621926354423
4930  16906.90531582414
4935  17199.601234147067
4940  17404.22577749548
4945  17635.416587876065
4950  17877.165191791875
4955  18098.30610460377
4961  18304.685160045778
4966  18354.658533529244
4971  18666.039912416865
4976  18897.942370823363
4981  19068.6574931157
4986  19332.512592199775
4991  19397.41826388565
4996  19475.30888780299
5001  19685.22574588227
5006  19958.3418327178
5011  20383.053060473023
5016  20628.336045341828
5022  20852.980274732436
5027  21364.457133533073
5032  21555.468557537126
5037  22295.363991873342
5042  22844.33518001144
5047  23448.60526597433
5052  23630.393947349272
5057  23802.344325500493
5062  24312.798769807443
5067  24366.872530650835
5072  24740.676924530242
5077  25046.257931465072
5082  25382.242593241772
5088  25730.49108226412
5093  25778.367194640687
5098  26176.54182521742
5103  26691.5578323028
5108  26795.652233176203
5113  26821.54434475441
5118  27139.265213714116
5123  27521.89477835015
5128  27778.814879970974
5133  28096.893073846695
5138  28391.18494526909
5144  28706.423446409564
5149  28476.438947173094
5154  28252.97583854011
5159  27989.133059006
5164  27913.77412126228
5169  28231.50961028432
5174  28775.866784900198
5179  29379.86804874185
5184  30224.939892766568
5189  31055.286406945608
5195  31911.29904275601
5200  32298.367570092454
5205  32827.824266578566
5210  33359.45302313934
5215  33724.31255493355
5220  33811.66679734067
5225  34011.12418058678
5230  34902.28166438578
5235  35262.04037012659
5240  35417.67370428872
5246  35481.66494414606
5251  35148.45630512463
5256  34805.172291323826
5261  34742.10610293515
5266  35036.07260754367
5271  36085.09471074224
5276  36954.81630320712
5281  37871.24064324649
5286  38796.566570087096
5291  39402.90021352981
5297  39701.185545768334
5302  40253.49398895585
5307  40395.302892257765
5312  40317.89656218927
5317  40429.183188769064
5322  40268.66729239775
5327  40432.233985377155
5332  41088.995609296246
5337  41703.89053809158
5343  42303.82968777955
5348  42904.11219418047
5353  43296.266832244175
5358  43493.4649865889
5363  43748.964811800404
5368  44099.21210834533
5373  44471.80684957661
5378  44527.28878834935
5384  44558.31418002579
5389  44601.290653518605
5394  44807.534932763
5399  44973.1079059411
5404  45349.591327537724
5409  46039.9001309484
5414  46539.46268679859
5419  47866.788692317285
5425  48321.640537275605
5430  48842.96616733728
5435  49717.757312320166
5440  50547.89115491017
5445  50931.03830219688
5450  51347.36758494807
5455  51603.78096772171
5460  52023.8169137254
5465  52781.431474304234
5471  53367.43549893619
5476  54105.73865972571
5481  54748.66782883128
5486  55244.2374139735
5491  55854.92546805522
5496  56445.70016593674
5501  57020.14448487509
5507  57575.37840770943
5512  58010.55355346191
5517  58544.62432357478
5522  59092.218124545594
5527  59505.67325772177
5532  60004.45648157493
5537  60177.358746032995
5543  60628.035709928496
5548  61496.93555213606
5553  61795.171459845755
5558  61998.414292583286
5563  62167.148180287615
5568  62100.88242582539
5573  62081.014409832205
5579  62086.46868501879
5584  63030.88036907906
5589  63548.317865408775
5594  64167.846045612816
5599  64956.12465973138
5604  65799.89623829398
5609  66228.47730229863
5615  67027.95391785757
5620  67642.42280463286
5625  68262.16617120261
5630  68464.79973488259
5635  68689.82484226323
5640  69327.58761759465
5645  69155.46562152791
5650  69528.27702546735
5656  69629.73493852835
5661  69966.85915536566
5666  70734.79093898064
5671  71010.44502565256
5676  71971.42135964899
5681  72329.41538847558
5686  72438.63152531533
5692  72771.39441296979
5697  73171.04942839307
5702  73554.80797030038
5707  74513.36065924387
5712  74888.16298919434
5717  76504.14697316791
5723  77110.18225167459
5728  77424.58920766859
5733  78182.40652598378
5738  78376.74007981384
5743  78570.4422851407
5748  78920.57858067316
5753  78818.65778843561
5759  79653.74126088152
5764  80203.59068270889
5769  80532.09708899746
5774  80908.27879034015
5779  81154.48778380646
5784  81969.43873067734
5790  82646.80317726976
5795  83341.17810935597
5800  84162.86614414993
5805  85625.53250211423
5810  86367.7950935569
5815  87279.17177812001
5820  88130.02458443126
5826  88880.51370941389
5831  89475.86612695977
5836  90191.77400524625
5841  90498.45395993484
5846  90442.15834365388
5851  90496.3026182625
5857  90656.51383809217
5862  91240.15278679934
5867  91157.3402813394
5872  90253.11766611706
5877  89355.5783109331
5882  88573.00938856679
5888  88330.75383741184
5893  88297.03099344538
5898  89026.51071176238
5903  90405.89267779126
5908  91704.41214823087
5913  93259.40377601194
5919  94450.89445599519
5924  95028.42297791869
5929  95457.5125716436
5934  95888.58218445323
5939  96601.23651127084
5945  96919.5130159291
5950  97825.48980916874
5955  98531.66522099462
5960  99147.46591228279
5965  99630.14267498329
5970  100011.49909263721
5976  100373.85372506462
5981  100469.89788498901
5986  100827.88062743461
5991  101183.3482150533
5996  101714.13838934501
6002  101759.62745230788
6007  102048.98292425046
6012  102678.94721915627
6017  103281.70208241824
6022  104001.55752234448
6027  104625.42954738537
6033  105630.97383892402
6038  106277.71801482406
6043  107195.08496249885
6048  107651.8018487929
6053  108208.65254576474
6059  108392.97191385864
6064  109053.43835762142
6069  109227.63407801923
6074  109409.76975107347
6079  109730.28237883079
6084  109994.35354306745
6090  110509.67282224419
6095  111029.82279610897
6100  111053.31753249577
6105  111368.47600459216
6110  112086.7921832001
6116  112349.00290159143
6121  112553.84922153661
6126  113072.38289287184
6131  113236.03345727148
6136  113190.06394286884
6142  113548.59775491162
6147  113323.89187914455
6152  113454.24317569008
6157  113739.48209944258
6162  114553.09609944162
6168  115208.82286902789
6173  116261.59517423932
6178  117316.81406029478
6183  118503.61765155678
6188  119925.66510133032
6194  120676.97192601883
6199  121063.66951926761
6204  121553.48886392184
6209  121967.01413458645
6214  122178.5450963237
6220  121829.32219208089
6225  122016.10298291406
6230  121835.48390754592
6235  121713.22674751356
6240  122429.19109806838
6245  122874.08270146266
6251  122902.76673805922
6256  123338.37844637634
6261  124095.73718048818
6266  124563.22623031648
6272  124614.29163284178
6277  124430.16223094394
6282  124752.43310169638
6287  125257.68390748747
6292  125339.60319481722
6298  125508.85519662089
6303  126331.76996549875
6308  127213.50590448649
6313  127250.52870813652
6318  128039.16905932795
6324  129105.04667776302
6329  130059.02043684361
6334  130802.1508094544
6339  130870.69605757007
6345  131497.40794058662
6350  132526.42194764205
6355  132712.5250452072
6360  133499.1138420821
6365  134590.74257952644
6371  135459.25584037582
6376  136280.20220852917
6381  136658.64907044763
6386  136957.17184627554
6391  137069.2272220214
6397  137349.16244091984
6402  137843.1082979247
6407  138159.53608808052
6412  138668.46199508943
6417  138964.45577665092
6423  139092.41856277984
6428  140377.38986115356
6433  140955.5961034681
6438  141506.1344360164
6444  141291.92199577356
6449  141065.89108293402
6454  140569.2647509472
6459  140586.97784511244
6464  140309.33042849798
6470  140016.422101065
6475  140021.86436496556
6480  140565.653203215
6485  140907.05437044142
6491  140969.52875363297
6496  141379.03832412936
6501  142429.19209739057
6506  143269.0382205133
6511  143984.99669805085
6517  144754.04712770449
6522  145099.12033628597
6527  145160.36404468594
6532  144684.754229556
6538  143071.14114532093
6543  140630.41827021335
6548  137592.88459178922
6553  135027.93689064737
6559  133723.09677432195
6564  134509.26793894373
6569  137091.5308389461
6574  140671.98827381857
6579  145247.82713424377
6585  147707.1250005005
6590  150575.66753748548
6595  152193.65856512418
6600  153053.69948774288
6606  153320.93879645498
6611  154337.30323032866
6616  154902.82748519516
6621  155409.55752111296
6627  155445.83145396385
6632  155228.50333276278
6637  156073.56643162985
6642  155663.0484557822
6647  156425.17902760755
6653  157042.17021652628
6658  157644.05920871833
6663  157877.16959910977
6668  157936.248037669
6674  158931.70272141433
6679  159701.4735479963
6684  160106.1893614279
6689  160380.3542384812
6695  160072.09051865048
6700  159916.4975449228
6705  159646.46001812626
6710  160348.23589839283
6716  160533.77384808875
6721  161045.40431821262
6726  161435.84334000127
6731  161823.46199550203
6737  162405.74405967328
6742  163286.53789950357
6747  163436.22946342843
6752  163710.66098515133
6758  164313.40754958094
6763  164851.49977835582
6768  165379.08207006287
6773  165296.2528623576
6779  165259.39877613453
6784  165485.03649723533
6789  165513.87523906204
6794  166211.06349740218
6800  166353.74295281805
6805  166441.41172037486
6810  166671.78745846794
6815  166895.67407785816
6821  166478.9327508653
6826  166131.0535191217
6831  165855.34965607358
6836  165480.57071145295
6842  164559.52396765887
6847  160935.857283698
6852  156814.5870182049
6857  152671.49338004406
6863  146764.92784038486
6868  142080.59348323251
6873  139784.4341893254
6878  140527.46448930356
6884  142994.6067791759
6889  144682.63301413754
6894  148825.90667153618
6899  151962.4115323484
6905  153227.13958403232
6910  156132.51219613964
6915  157838.78281242997
6920  159252.39602221333
6926  159556.17966250866
6931  160396.05953159364
6936  160512.62087383872
6941  161055.79065109292
6947  162233.37058019819
6952  163121.93497752235
6957  165079.66472058184
6962  165935.81877137182
6968  166727.87729020038
6973  166717.21286065585
6978  166732.83429044322
6983  165683.37938040798
6989  164571.34231728147
6994  164147.65507293266
6999  164271.15886519785
7005  163930.23783171325
7010  163822.3328750833
7015  163814.9087295605
7020  163944.0440465154
7026  165252.65969775917
7031  166897.64513597125
7036  167681.92743425534
7041  168462.41413407616
7047  169359.37673335263
7052  169824.80601888194
7057  170008.27691583696
7062  170000.86113420807
7068  170068.8850071027
7073  170366.76225215828
7078  170567.71769682775
7083  171081.68349571503
7089  170891.77727422063
7094  171073.16593030427
7099  170981.22001077968
7105  171283.23901321882
7110  171135.65912944416
7115  171223.61705108048
7120  171291.4394020438
7126  171525.74890647002
7131  171185.47920724365
7136  170727.22978281876
7142  169233.49873344233
7147  167148.02817938518
7152  163022.66263950986
7157  158934.59140919495
7163  153740.7564800268
7168  147952.23393651788
7173  142617.04655778292
7178  138597.44424969718
7184  137202.04137357645
7189  137676.90465449294
7194  138731.69955453725
7200  141493.0534701997
7205  145600.35978690514
7210  149497.5565803064
7215  152469.52013807092
7221  153068.30912579317
7226  151686.94490163957
7231  149265.50139949354
7236  147612.97727467676
7242  146477.74212383977
7247  146646.1977805807
7252  147061.0413187233
7258  147586.1593510855
7263  148068.1005810766
7268  148044.48081693906
7273  148034.67281664745
7279  148202.34288376407
7284  148679.04631206935
7289  149499.57915802006
7295  150714.5855613562
7300  151955.7936316591
7305  153591.35812067977
7311  155319.7675043547
7316  157588.25402673762
7321  160705.4005999342
7326  162287.87746571904
7332  164728.05299553933
7337  166642.72423072014
7342  167154.59526275957
7348  166895.10660734877
7353  166676.94782648928
7358  166519.3295629576
7363  166487.36860159028
7369  166490.95391433066
7374  167173.594570555
7379  166948.82735671967
7385  167138.00284408944
7390  166489.0750129155
7395  166705.1713060852
7400  166746.9297633827
7406  167216.9470955578
7411  167842.04921900612
7416  168461.95454881043
7422  168704.96199150605
7427  169644.7548559614
7432  170212.12994367816
7437  170713.55195101336
7443  170932.0169008951
7448  170993.51304841347
7453  170894.01897588663
7459  170385.86223245994
7464  170609.50464779747
7469  170655.60532022454
7474  170737.57614018116
7480  170299.55333320246
7485  169632.6515334952
7490  169024.24024676342
7496  168644.9187805038
7501  168576.83406123862
7506  168964.82834084856
7512  169423.12014769446
7517  169334.3971742904
7522  169400.42286713075
7528  169371.79087494724
7533  169682.37082835412
7538  169495.45213454054
7543  169061.99774868527
7549  169197.53747909612
7554  168965.31967205548
7559  169096.9713969593
7565  167663.11306876794
7570  162083.9906245615
7575  153850.10184403032
7581  139841.68449669683
7586  121167.16858533128
7591  102091.74256657419
7596  83352.92118873178
7602  70931.1250395352
7607  65988.3130481782
7612  67497.51400835518
7618  73791.9891341096
7623  80118.7839070403
7628  84505.85066055249
7634  88637.7625584651
7639  94133.72243374985
7644  102596.69629003777
7650  112703.3493129549
7655  122277.79536091132
7660  130779.70861475548
7666  138857.65963684255
7671  146523.68029344044
7676  151409.06216774584
7682  156190.242702791
7687  158611.68299926308
7692  160142.17224584712
7697  161369.75840610906
7703  162105.17704949822
7708  162254.218299685
7713  162653.52564089868
7719  162846.8066377983
7724  163231.86266388127
7729  163075.03826490705
7735  163176.07824996664
7740  162872.5899604222
7745  162621.43374210506
7751  162265.40457304768
7756  162868.37560171844
7761  162716.1399815091
7767  162925.90592431067
7772  162956.0110498891
7777  162990.6255238787
7783  162678.93401747404
7788  162722.87581546823
7793  162237.93877192162
7798  162587.12413565136
7804  162294.17577428307
7809  161983.79017711213
7814  161945.28038696595
7820  161789.7952742985
7825  162019.76546143673
7830  161595.64209859242
7836  160993.29575658328
7841  160893.06725216008
7846  160643.07029883433
7852  160336.22111798567
7857  159830.7938922601
7862  159619.29232356008
7868  158941.1214471366
7873  158201.28213129038
7878  157599.20240931373
7884  157065.07721199436
7889  155620.4656912028
7894  155128.10508860266
7900  154501.5069880915
7905  153791.9018439
7910  152778.6793539711
7916  152631.2119987776
7921  152066.24668200346
7926  151631.2822161401
7932  151066.56038609563
7937  151463.57170664173
7942  151164.52721851648
7948  151140.6225931108
7953  151447.89140302603
7958  151488.12772051638
7964  151714.95806838735
7969  151574.58713691653
7974  151809.64920397103
7980  152221.736465144
7985  151890.6941651931
7990  151418.94235120405
7996  150711.63514368993
8001  150066.58803487162
8006  149305.563474449
8012  149214.0159113066
8017  149232.6961727744
8022  148883.8689006058
8028  148487.4498827691
8033  148416.1971781175
8038  148425.9051784117
8044  148823.94495722282
8049  148831.90877710082
8054  149413.85527228317
8060  149189.34972912172
8065  149569.49273569303
8070  148890.54659886606
8076  147986.7902684121
8081  147306.74662522643
8086  146295.0442665381
8092  145615.23979016748
8097  144900.15301522313
8102  143904.9265466588
8108  143441.86466947882
8113  141358.96030818735
8118  140143.68995172647
8124  137068.47709145077
8129  134033.31406810062
8134  130018.10754305196
8140  126915.2341442942
8145  124190.89381559349
8150  121963.11741186155
8156  119872.33115260807
8161  118268.20466837897
8166  117827.6287160716
8172  117168.10259186682
8177  117402.16121284972
8182  118312.4867964624
8188  120758.8946556985
8193  122565.42950366264
8198  123724.5515287519
8204  124910.27596873711
8209  124316.0996820932
8215  122379.94521189733
8220  119863.94048142443
8225  117654.93690501063
8231  117294.24224589264
8236  118566.88783604135
8241  121957.87849733065
8247  126737.84452803414
8252  129053.26183961055
8257  129652.04369169772
8263  128941.48244009935
8268  127128.53250856855
8273  125863.83342760683
8279  124780.38282952779
8284  124501.06958763037
8289  124471.97946994391
8295  124657.0060509198
8300  125030.59157862404
8305  125797.48750856929
8311  125964.17374826816
8316  125948.2048057387
8321  125787.56166548071
8327  126136.79158054745
8332  126223.12639165789
8338  127119.16014402485
8343  129251.71768476487
8348  130479.04232293273
8354  130963.78479872712
8359  132084.8963327521
8364  132701.4938166491
8370  133201.24774935364
8375  133279.8178025249
8380  133257.83197951378
8386  133235.45374801892
8391  133411.9950305181
8396  133918.0951269003
8402  134295.3887636399
8407  134059.9492365832
8412  134081.3793513789
8418  134079.53237696952
8423  133411.25866222067
8429  132904.23581115535
8434  132942.44299477225
8439  132676.90421764678
8445  132550.52724942146
8450  133185.90741240387
8455  133057.8418388138
8461  132841.3114967865
8466  132587.61893038626
8472  132097.87206354004
8477  130943.02648132981
8482  130087.90826732038
8488  128907.81193560341
8493  126627.69791634058
8498  125453.18457483371
8504  125224.68946019397
8509  125373.74238921666
8514  126069.53374312924
8520  125815.18444170701
8525  124036.17721443714
8531  120769.3429162302
8536  117210.75699346316
8541  115391.27807704106
8547  114534.77972548826
8552  115734.42970284882
8557  118620.38166929367
8563  123308.84467841702
8568  126730.69123010928
8573  127669.62934874388
8579  128019.51134168696
8584  128002.83264034985
8590  127285.65074517069
8595  127040.68435589134
8600  126808.92085712719
8606  126798.8774056272
8611  126441.12601737234
8616  126407.6963559853
8622  126657.0226747732
8627  126662.82218410085
8632  126241.14030932251
8638  125146.84783160342
8643  123884.70393843348
8649  121147.7542786872
8654  117461.02898770662
8659  114851.36748676734
8665  113488.86752462525
8670  113066.45099267566
8675  114103.59844502594
8681  116751.96472102907
8686  119004.71735837133
8692  120999.80604633063
8697  121713.31433298175
8702  121682.87395318077
8708  121319.84872023544
8713  121163.10844541031
8718  120864.43179276041
8724  120422.05536026908
8729  119999.38485979289
8735  119527.66905559816
8740  118925.39015835334
8745  118180.73331485894
8751  117711.14902910251
8756  117504.72435199152
8761  117283.7442082062
8767  117375.91029124304
8772  117645.96746563255
8778  117399.58342156293
8783  117565.67084461125
8788  117292.93251743402
8794  116756.63169903224
8799  115554.22886694864
8804  115092.23720466667
8810  114569.74571748698
8815  114145.88451280785
8821  114125.43067174815
8826  114218.185873941
8831  114157.64094982854
8837  114418.97239435455
8842  114324.821631404
8848  113630.9870662103
8853  112406.24629368479
8858  112095.0941544361
8864  110556.10622415473
8869  110128.81562213466
8874  110134.07501916093
8880  109931.703291814
8885  110187.27499406249
8891  110229.12851158704
8896  110241.54508904957
8901  110170.97654696941
8907  109815.02909248354
8912  109056.74962269161
8918  107869.71851209657
8923  107097.89227500612
8928  105245.74254349608
8934  103620.85441818768
8939  102225.13369716857
8944  100564.97143562576
8950  97661.79605855593
8955  94818.52834709811
8961  92366.97885044571
8966  89360.34540848224
8971  86028.57063348178
8977  84042.67169461728
8982  83144.67325182247
8987  80830.49855804563
8993  78474.78087931605
8998  77085.74100385813
9004  76612.92642628668
9009  76733.0017251151
9014  76726.09113443388
9020  77641.07198359267
9025  78411.37588834653
9031  80596.09935753238
9036  83726.26482803257
9041  86690.77529071619
9047  89187.34469457128
9052  89275.30503754485
9058  87922.7584586079
9063  85323.15705435301
9068  82222.64405703159
9074  78317.92413745358
9079  75192.33209059537
9085  73871.66187606698
9090  72651.25276394113
9095  72403.42446616675
9101  72261.28239455682
9106  72321.44986159925
9112  72599.37801053519
9117  73155.26502508353
9122  73163.21433309335
9128  72020.87971191837
9133  71159.05532878039
9139  70421.2937970276
9144  69046.18815459199
9149  68916.57209842125
9155  68647.21393477982
9160  68145.2646643726
9166  68026.59298837288
9171  68557.55603795349
9176  68746.70520627844
9182  68729.34256543065
9187  69180.13811640558
9193  70764.39164648698
9198  72726.63769739546
9203  73980.02238534264
9209  74262.34470634
9214  73572.68600978836
9220  72866.26296801952
9225  71357.78171545661
9230  70373.25410473057
9236  68966.28744932628
9241  68052.16703336213
9247  67884.09561449035
9252  67883.09896201927
9257  67728.68587795831
9263  67319.90275672164
9268  66933.64331839993
9274  66096.27888649331
9279  65170.943032768715
9284  62821.531265595
9290  58021.82051929598
9295  54581.87865509212
9301  51274.569872822816
9306  47743.65244121276
9312  43700.956412009305
9317  39615.94393557334
9322  35601.33380631349
9328  31864.691527610055
9333  28419.6425146505
9339  25754.235253318737
9344  23503.812915100927
9349  22163.311558531816
9355  21823.0316502508
9360  22466.414998012926
9366  22774.05622695563
9371  22915.150945687845
9376  23276.972170756155
9382  23840.195746106536
9387  25152.849675499037
9393  27909.36021185138
9398  31947.493100719897
9403  37369.752266621035
9409  41486.30424759459
9414  44274.85944707829
9420  45336.90046636496
9425  46422.022577175245
9430  47368.78511621236
9436  47221.399481154716
9441  47344.064875973214
9447  47111.7333381321
9452  46388.00928042057
9458  46395.770323972574
9463  46573.19982973613
9468  46857.72896501309
9474  47061.95566554738
9479  47291.463690618126
9485  47144.19226709459
9490  45928.540144041806
9496  45165.851369242075
9501  45061.10214691965
9506  44596.60475595516
9512  44075.609066437384
9517  44561.3752179958
9523  45779.26222366914
9528  46400.050553959736
9533  46295.92950155301
9539  46393.005363853554
9544  46864.850743176095
9550  47163.3262974649
9555  47282.47498196169
9560  47105.21031960614
9566  47227.09124576242
9571  47452.81612910081
9577  47973.563817863185
9582  48686.20869956241
9587  49807.978037212546
9593  50153.37398887873
9598  49785.57557156339
9603  48588.260951043405
9609  47755.50922151053
9614  47841.17617967963
9620  48741.10591613378
9625  49786.837421222226
9631  50093.0698229102
9636  49997.1868060218
9641  49927.58632759302
9647  50083.48375931126
9652  50589.977385852035
9658  50789.636726681834
9663  51150.72687653627
9669  51377.466461192525
9674  51582.33742701443
9679  52045.39190866604
9685  53619.765480431604
9690  55180.53765778583
9696  56258.695498007604
9701  56376.68664143235
9707  56184.90081666275
9712  56109.05836875004
9718  55851.421286609344
9723  55684.07783178837
9728  55491.493720300394
9734  55029.59621857878
9739  53314.139638428715
9745  51792.7757147945
9750  50487.08743587937
9755  49504.89206395056
9761  48735.66953536621
9766  48480.53411077584
9772  48474.85871467832
9777  48597.50371355318
9782  48748.360045628106
9788  48928.57620495152
9793  48718.117004015956
9799  47896.24132761938
9804  47079.64125075323
9809  46793.632987629535
9815  46632.302228172164
9820  46778.19079414508
9826  46828.01208301911
9831  46719.28131706653
9837  46465.074224607095
9842  46371.53948924299
9847  46523.35186020928
9853  46620.64935177663
9858  46368.8600350444
9864  45854.40823688401
9869  45059.351652370526
9875  44908.37703445639
9880  45174.9448859643
9885  45225.06748139891
9891  44900.375489808706
9896  44528.89957115023
9902  44344.85473695162
9907  44380.28143943397
9913  44394.59552223177
9918  44167.608738112714
9923  43590.742583363906
9929  43269.38537420349
9934  42925.46027695113
9940  42545.661993887916
9945  42063.52952594018
9950  41564.613366167825
9956  40921.33139772312
9961  40364.01636619433
9967  40189.31566865115
9972  40442.52163612721
9977  40785.46049139024
9983  40843.04924594067
9988  40532.62646846775
9994  39567.213027311926
9999  39184.51061817647
10005  39124.563074223544
10010  38942.08455088665
10016  38454.32842823419
10021  38173.87501468263
10026  37960.64994345605
10032  37837.16703151225
10037  37954.72460817305
10043  37834.38401879296
10048  37325.81697918256
10054  36557.72686670852
10059  35692.23975659161
10065  35195.813024307026
10070  35086.15053888538
10076  35046.191718560476
10081  34943.97036225125
10086  34791.969932015454
10092  34314.9057381604
10097  34181.83670868893
10103  34187.51167228333
10108  34386.65460028912
10114  34384.178198325106
10119  34249.7416286018
10125  33727.15275693736
10130  32697.110631220276
10136  31858.531757160123
10141  31069.044514221085
10146  30795.79051201638
10152  30668.735662325802
10157  30633.08417935738
10163  30651.54419731602
10168  30171.10365830384
10173  30068.289189304003
10179  29993.82127993585
10184  30272.221328839994
10190  30322.12806579342
10195  30160.621496031337
10200  30107.38795005334
10205  30156.08164360519
10214  30179.666931133757
10218  30046.681683320585
10224  29665.946763310843
10229  29376.39712666477
10235  29226.745677635972
10240  28955.99511426747
10245  29189.344695074884
10251  22525.16883776543
