#  This file contains the final extracted (wavelength, spec normalised) data 
4843  1421.8093168454202
4849  1751.3197416408489
4870  1767.5318333340401
4838  1819.6561082792741
4858  1864.6506280623867
4853  1938.4054241414728
4889  2050.81685397275
4882  2096.145211624187
4890  2173.6962178551767
4895  2190.3758831277355
4900  2212.3368363043755
4905  2254.9879827250593
4910  2234.4660175523354
4915  2288.170083250278
4920  2348.837845005369
4925  2402.3580526896
4930  2387.099609300963
4935  2495.285820253816
4940  2506.4251052958284
4945  2584.435711916898
4950  2626.654427204013
4955  2716.9446419380133
4961  2726.198074403658
4966  2740.9679798823977
4971  2721.73821051449
4976  2762.7955153729745
4981  2812.7092981148494
4986  2826.916662017655
4991  2850.1355607921832
4996  2853.1122994695525
5001  2911.6586303845256
5006  2860.1982568183153
5011  2992.0072056663284
5016  3104.6469911023737
5022  3162.656627868194
5027  3208.432266095357
5032  3223.8388096762055
5037  3320.4307464013086
5042  3339.9497334241214
5047  3392.075477559176
5052  3542.8233867907998
5057  3611.456022161943
5062  3651.538136733886
5067  3684.217873576277
5072  3721.301050694488
5077  3783.253306544532
5082  3792.5851547593775
5088  3803.1752679844412
5093  3904.9167817975454
5098  4051.392845065273
5103  4026.8092532670053
5108  4099.394277865998
5113  4213.546861979486
5118  4266.2670657699955
5123  4269.5535255658515
5128  4276.12322458222
5133  4312.297507629041
5138  4342.180278954019
5144  4307.8322154396865
5149  4342.939694538531
5154  4385.209914853083
5159  4309.504730260468
5164  4287.2874910447235
5169  4235.708574628243
5174  4258.558499567696
5179  4302.372465908154
5184  4429.614899310302
5189  4614.33059917368
5195  4712.519965496552
5200  4902.899687058248
5205  5082.698999178528
5210  5163.840521218855
5215  5201.422355932689
5220  5195.109256787623
5225  5308.17300142581
5230  5382.922005406947
5235  5479.161204399503
5240  5534.4898001062675
5246  5622.593929556946
5251  5671.724623925414
5256  5605.926568968936
5261  5614.391246045503
5266  5602.840436585679
5271  5615.325894799277
5276  5702.7263625468995
5281  5843.12413455276
5286  5992.185030221806
5291  6122.271074739716
5297  6292.790602875746
5302  6384.384651739257
5307  6458.684660318462
5312  6488.475594935272
5317  6463.35434916237
5322  6419.63482104555
5327  6393.901438705696
5332  6413.234592200895
5337  6561.658000096689
5343  6690.181166588588
5348  6787.918218809088
5353  6941.527824561925
5358  6997.475112670501
5363  7047.000113990296
5368  7145.225397144532
5373  7166.184833429272
5378  7224.518805491543
5384  7195.78120292493
5389  7209.912244041583
5394  7189.170454038081
5399  7235.765736444862
5404  7283.377287392681
5409  7288.1400094455985
5414  7336.867016737382
5419  7486.409148881985
5425  7732.941843534515
5430  7838.9647562603295
5435  7829.78878800843
5440  8150.057101371229
5445  8242.473890347475
5450  8197.14879397362
5455  8370.600622087972
5460  8305.935521990681
5465  8455.856629465547
5471  8554.285742472217
5476  8698.685569694528
5481  8763.631297787055
5486  8827.820115258413
5491  8990.605873709754
5496  9151.721931101543
5501  9267.647612653249
5507  9355.73925114741
5512  9442.993805165868
5517  9413.938145917717
5522  9512.078335541673
5527  9729.023491740227
5532  9895.598810061367
5537  9897.946026236597
5543  9976.068778091932
5548  9849.949089169602
5553  9997.099727352335
5558  10289.631410571012
5563  10135.31315914444
5568  10309.344075258863
5573  10324.095106691466
5579  10327.875405608771
5584  10323.218238224215
5589  10319.948037366124
5594  10625.893094953144
5599  10331.920159195673
5604  10658.619737961582
5609  10810.995933929382
5615  10914.530748670013
5620  10959.510769560718
5625  11000.065052830212
5630  11235.756092345951
5635  11342.856834487844
5640  11505.720150037636
5645  11519.521856925587
5650  11513.091854131531
5656  11383.396734678852
5661  11511.155918169528
5666  11307.16469520972
5671  11604.733318717808
5676  11881.26595158717
5681  12035.523788127515
5686  12046.290348612534
5692  12150.921101601007
5697  12130.051728481736
5702  12288.059408202358
5707  12436.180630955316
5712  12515.6171675289
5717  12579.787447183533
5723  12679.3708658452
5728  12863.38730638835
5733  13068.60409156598
5738  13169.94291493574
5743  13227.54570059693
5748  13268.107111573172
5753  13361.980416126862
5759  13346.443518329634
5764  13336.482485231892
5769  13343.717687698096
5774  13606.473490688219
5779  13714.180151122579
5784  13649.05546332989
5790  13696.219200150075
5795  13731.156802777612
5800  13852.64446522518
5805  14063.988145846377
5810  14293.71073112759
5815  14485.144806477332
5820  14510.04465531242
5826  14910.038551272048
5831  15091.356214271726
5836  15115.982025338597
5841  15105.157488152385
5846  15086.123796453701
5851  15185.36243423639
5857  15420.148837139259
5862  15511.256441608806
5867  15559.161844152924
5872  15715.643122699621
5877  15621.435841982951
5882  15381.683771153763
5888  15279.840250594621
5893  14966.741321906384
5898  14864.806137248173
5903  15043.05088535629
5908  15242.935097077427
5913  15745.255051021615
5919  15862.356883968485
5924  15878.223566114373
5929  16220.282479321711
5934  16256.279419379618
5939  16375.16535043828
5945  16528.748424688085
5950  16579.478955188893
5955  16724.777611936337
5960  16790.177165903086
5965  16943.05633460689
5970  17012.854646854492
5976  17161.34351966732
5981  17313.010833919616
5986  17320.433657786627
5991  17358.758694564105
5996  17476.63617923565
6002  17648.277732022958
6007  17664.55624865527
6012  17655.64050868626
6017  17482.698426296633
6022  17676.701662512776
6027  17909.866596674085
6033  17857.30423345179
6038  18014.846136148182
6043  18091.542944068817
6048  18561.79580950188
6053  18642.845461703397
6059  18740.704904007624
6064  18679.631504169552
6069  18888.231144953716
6074  18933.28440492675
6079  19048.788953236613
6084  18978.591716284576
6090  18927.1723043623
6095  19023.5072713165
6100  19280.234659025653
6105  19219.27380944276
6110  19490.872644917385
6116  19569.064430726117
6121  19566.997555547892
6126  19653.297882296523
6131  19655.643540877358
6136  19606.581378317154
6142  19717.180199668586
6147  19597.991607763266
6152  19774.456054373593
6157  19699.75696758043
6162  20073.694590709572
6168  20032.894975374133
6173  20156.42483433007
6178  20101.817599126072
6183  20519.23839241971
6188  20729.414113943654
6194  20970.098080449603
6199  21108.532252046807
6204  21249.692576702262
6209  21414.63457902554
6214  21624.429921875755
6220  21610.687630810087
6225  21654.8023642576
6230  21583.815388763564
6235  21657.338667676446
6240  21655.253944048538
6245  21535.500050578023
6251  21636.426949718716
6256  21614.51149815963
6261  21713.05312318053
6266  21853.860944261636
6272  21883.651409384016
6277  22089.436934537396
6282  22166.829719972386
6287  22314.219919797553
6292  22325.12386146823
6298  22394.141022565935
6303  22421.25083928553
6308  22482.716963654948
6313  22655.640974037895
6318  22658.854309119288
6324  22729.383600562935
6329  22780.37829890505
6334  23105.011899648518
6339  23340.729132387907
6345  23532.727905442054
6350  23290.03828837597
6355  23533.11765737367
6360  23645.36196461062
6365  23955.359010023196
6371  24173.89395494686
6376  24275.94764139761
6381  24307.063256113935
6386  24437.32159022028
6391  24627.94781564407
6397  24697.25503829437
6402  24657.30558544148
6407  24459.783822332105
6412  24504.428784990745
6417  24625.712876844565
6423  24732.262232937006
6428  24863.504994429146
6433  24899.867874325286
6438  25252.70475683449
6444  25255.941518353553
6449  25386.58116421498
6454  25439.945857871477
6459  25552.18152382117
6464  25444.862903357418
6470  25417.452749424618
6475  25648.94783968955
6480  25695.630906711373
6485  25533.788140373512
6491  25507.992104082936
6496  25573.889803558228
6501  25608.33389751379
6506  25741.641713088404
6511  26171.21912547648
6517  26516.87346508555
6522  26397.35936684527
6527  26388.60249116649
6532  26451.69703080123
6538  26567.27012045869
6543  26536.305696576987
6548  26386.349943187375
6553  25963.79896427173
6559  25281.591460875778
6564  24674.70941707735
6569  24070.81900371146
6574  24145.53588581637
6579  24899.33211143461
6585  26112.374100933393
6590  26972.15194631398
6595  27321.597750701087
6600  27605.525017443862
6606  27926.721572965416
6611  27943.299703176486
6616  28163.124531298825
6621  28200.434005016694
6627  28522.91771272257
6632  28152.26616150464
6637  28394.157623968684
6642  28457.864443346458
6647  28591.137087638384
6653  28706.43628686581
6658  28802.116564794283
6663  28896.64934946855
6668  28901.044937793406
6674  28940.17345336796
6679  28957.318950170753
6684  29201.212645069325
6689  29218.713416757484
6695  29393.58212794725
6700  29427.687026072468
6705  29383.88328051686
6710  29579.73316192231
6716  29195.46125447307
6721  29465.290281915863
6726  29445.275209503016
6731  29833.989828981314
6737  29861.955137986864
6742  29965.37987479239
6747  29909.179256569576
6752  30029.72709413178
6758  30074.307714648585
6763  30170.348299425357
6768  30287.371847156723
6773  30241.742562580755
6779  30268.800512385646
6784  30339.447382505634
6789  30620.86083818571
6794  30686.647602516157
6800  30860.66031592415
6805  30762.917899663535
6810  30620.562151378916
6815  30725.49257596678
6821  30889.1330737969
6826  30812.556342853546
6831  30862.920546874062
6836  30723.19400384265
6842  30535.628793984488
6847  30308.040366750305
6852  30326.189215021714
6857  29970.768679716086
6863  29107.641150950174
6868  28187.011194143102
6873  26990.102177471545
6878  25728.309243878422
6884  25722.224338909167
6889  25910.44312196561
6894  26996.025228536164
6899  27606.261001147748
6905  28037.49982833357
6910  28300.100603199277
6915  28901.172112290584
6920  29267.10960476463
6926  29698.202077145772
6931  29974.317697783536
6936  29972.905001302817
6941  30076.349906254127
6947  30088.6830736464
6952  30252.612019787975
6957  30501.1247635959
6962  30652.969204415785
6968  30912.918326546343
6973  31039.287702226513
6978  31061.85226986201
6983  31041.814515336606
6989  30978.622633507926
6994  30981.082949875203
6999  30897.05774428696
7005  30676.20260446176
7010  30693.597675474935
7015  30495.28150646007
7020  30742.654804586215
7026  30840.692195764546
7031  30926.69137618884
7036  31056.122174763423
7041  31338.375416190018
7047  31393.581064137816
7052  31620.044795598064
7057  31712.53322647423
7062  31820.151089119037
7068  31751.305556649524
7073  31863.329148716544
7078  31800.88119630063
7083  31958.408612833075
7089  32020.500697063908
7094  32279.096696598896
7099  32245.661242698345
7105  32304.82095740239
7110  32451.160490357688
7115  32255.24371806791
7120  32281.132637232684
7126  32348.142274713085
7131  32210.350069673637
7136  32033.211689985244
7142  32038.91315643458
7147  31869.924389814936
7152  31789.88015064103
7157  31620.971645891223
7163  31043.454089229697
7168  30344.99252847802
7173  29515.33153455691
7178  28043.915173524358
7184  27072.957569397044
7189  26858.644610117164
7194  26752.50094543931
7200  26726.63761177794
7205  26830.24278298448
7210  27229.74441502084
7215  27925.339610459447
7221  29112.45063195346
7226  29887.395940873776
7231  29768.112643755274
7236  29139.50565546454
7242  28455.012260984593
7247  28036.816523815098
7252  28253.04449237244
7258  28477.015014718472
7263  28541.739304760915
7268  28640.294268443984
7273  28689.50529577191
7279  28758.791739787488
7284  28611.326515946297
7289  28602.99343639218
7295  28668.46552019882
7300  28988.69230372603
7305  29156.904019631434
7311  29134.360087693287
7316  29654.596499172865
7321  29948.091190435127
7326  30403.367993584416
7332  31001.673951200053
7337  31329.712205997683
7342  31451.333486569376
7348  31589.94357268173
7353  31694.818527822135
7358  31537.684595744704
7363  31573.461985213155
7369  31596.028115140467
7374  31757.802496222837
7379  31797.930685012576
7385  31843.66085377219
7390  31542.6376354835
7395  31374.6958320732
7400  31345.93051134399
7406  31438.56224809127
7411  31733.25455949968
7416  31873.794885429892
7422  31773.86306564829
7427  31885.731806374057
7432  32040.465557191073
7437  32032.487115820415
7443  32198.084523523652
7448  32262.750080817284
7453  32054.177134120004
7459  32141.857406195493
7464  32119.670712641666
7469  32099.35034317194
7474  32203.50634864429
7480  32031.252312333356
7485  32115.212567078222
7490  32134.28398218053
7496  31993.483352312356
7501  31787.337832030968
7506  31869.942519936918
7512  31823.754075975674
7517  31987.014355142885
7522  31902.624543117756
7528  32010.783169863593
7533  32049.573891500997
7538  32027.609330320764
7543  32013.542162074296
7549  32034.324216996316
7554  31922.65318405713
7559  31888.717681834427
7565  31724.147921155447
7570  31661.557515306
7575  31356.401957821487
7581  30878.00287594912
7586  29795.197086904638
7591  27244.994990647723
7596  23423.140528778255
7602  18863.252803039264
7607  14197.648327001392
7612  11426.453173572812
7618  11487.150521791644
7623  13818.90184558668
7628  15887.167145247638
7634  16924.48470142422
7639  17138.408581292868
7644  17207.798665328166
7650  18286.495280594536
7655  20357.151004053303
7660  22191.23623259949
7666  23930.92301949588
7671  25793.23899902437
7676  26858.325905861228
7682  28400.27424694294
7687  28814.327405755135
7692  29706.12023738983
7697  30128.576506042067
7703  30480.42100371727
7708  30465.394900443745
7713  30546.844266509717
7719  30433.45025015029
7724  30753.729282068096
7729  30598.21796922521
7735  30852.550732031494
7740  30595.629626979317
7745  30514.207857687503
7751  30339.33056735719
7756  30271.694154415207
7761  30675.748812516664
7767  30617.57762244884
7772  30746.26654932055
7777  30539.30011132573
7783  30463.688726579006
7788  30300.00500534362
7793  30423.442843850047
7798  30415.077081139836
7804  30439.19844613893
7809  30502.43779654406
7814  30389.503513373853
7820  30348.24831926254
7825  30117.14722633359
7830  30458.32683313943
7836  29972.708413295873
7841  29852.186099374296
7846  29784.744445103875
7852  29904.69540078948
7857  29975.62592448965
7862  29928.095283177012
7868  29656.5130031938
7873  29941.114942247143
7878  29594.246730269344
7884  29588.991502499644
7889  29319.905729851405
7894  29363.643810058104
7900  29174.550668040145
7905  29157.625036165435
7910  29234.857604432473
7916  28872.96401870243
7921  28562.015890566898
7926  28494.325048136834
7932  28524.388126086877
7937  28255.401882398586
7942  28176.900164691768
7948  28339.782507779502
7953  28261.145188307168
7958  28157.423869013055
7964  28372.05595972139
7969  28416.401450217323
7974  28336.133959912633
7980  28594.614942653516
7985  28118.0170634645
7990  28393.465437741397
7996  28066.862005684234
8001  28095.478347542685
8006  27557.808253191262
8012  27588.492693361866
8017  27782.810015568946
8022  27892.46643955172
8028  27822.32459522645
8033  27669.64094976009
8038  27486.24567298973
8044  27395.705231020274
8049  27438.962580014348
8054  27437.990871507034
8060  27354.45837817584
8065  27510.16274877682
8070  27464.441596458706
8076  27371.22081932472
8081  27474.557118465164
8086  27326.59447278257
8092  27071.496607188852
8097  27052.21602941846
8102  26834.39747649915
8108  26358.028600086564
8113  26285.0519963418
8118  26511.015693951544
8124  26530.561898446344
8129  25887.92213042628
8134  25649.392593731256
8140  24765.237651788015
8145  24285.1548683684
8150  23716.413878886924
8156  23061.31085939449
8161  22848.303630584076
8166  22447.65915541176
8172  22057.866757676795
8177  21731.16083843621
8182  22050.282354378873
8188  22129.34463370785
8193  22335.76102829721
8198  22444.659012943353
8204  22834.27623258467
8209  23054.652539822015
8215  23621.658046208857
8220  23774.442895655666
8225  23021.763597746674
8231  21818.3569623136
8236  21201.172457440975
8241  21315.54308632312
8247  21493.965567350162
8252  22485.67480353658
8257  23755.331000478498
8263  23880.67013803813
8268  23708.268909908413
8273  23383.96978901803
8279  23649.035574199177
8284  23252.524144002404
8289  23071.502157204468
8295  22784.96568193853
8300  23048.389128285307
8305  22785.145231536182
8311  22671.350203417784
8316  23238.187318230033
8321  22886.652667278515
8327  22880.784503831113
8332  23049.025370520154
8338  23060.379714292667
8343  23083.07378586339
8348  23332.60169799475
8354  23371.98498087176
8359  23354.199846469455
8364  24452.774553679534
8370  23258.848048560354
8375  22760.884091199765
8380  24032.659732915687
8386  23980.11334498333
8391  23702.183593442234
8396  23781.852655434162
8402  24066.19274342654
8407  23454.40868897474
8412  23659.51528273493
8418  24052.081168881978
8423  23128.96504791719
8429  23649.996589246944
8434  23593.89033675569
8439  23646.539563353097
8445  23986.17077375329
8450  24714.235134099603
8455  23540.700651957923
8461  23468.84737341902
8466  23766.76508075976
8472  23862.7772733742
8477  23678.39933318457
8482  23346.96437946294
8488  23550.978830601704
8493  23153.307547678414
8498  22855.832722906984
8504  22356.148718636712
8509  21963.68922238431
8514  22003.677230004625
8520  22286.32084628454
8525  22572.657413121364
8531  22609.68474024419
8536  22095.113937292015
8541  21146.602932251775
8547  20492.578760689303
8552  19508.767021355477
8557  19594.110178660605
8563  20044.886499397267
8568  21286.44836554158
8573  22223.616374245023
8579  22380.18681546955
8584  22567.78616860991
8590  22617.95974043492
8595  22622.73897260632
8600  22339.112810967286
8606  21975.06310905418
8611  22038.6266550509
8616  22207.600202159992
8622  22244.758269173657
8627  21912.291327854957
8632  22096.836697208768
8638  22182.34233965623
8643  21925.061567431523
8649  21863.060059811643
8654  21774.733432331705
8659  21414.205391505697
8665  20184.22857687569
8670  19388.91405385206
8675  19187.940400303047
8681  19753.74985267717
8686  20498.46127881448
8692  21065.229157808564
8697  21128.26367573775
8702  20925.60231585885
8708  20855.760702118223
8713  20904.305313354464
8718  20974.23116510396
8724  20901.83149739695
8729  20849.011381777877
8735  20839.644760261064
8740  20313.96327860588
8745  20300.04666535411
8751  20724.6924557825
8756  20442.424494794122
8761  20129.50687445117
8767  20162.22083414664
8772  20483.69318249913
8778  20232.774663269633
8783  20259.2828152034
8788  20110.268329831833
8794  19790.063663579895
8799  19323.98110351875
8804  18948.358290638487
8810  19613.156479921574
8815  19554.744032484537
8821  19588.7034832993
8826  19523.33634705362
8831  19876.6381336975
8837  19612.043164458108
8842  19969.49578317275
8848  19659.542193099653
8853  19024.204243122564
8858  18575.436676000845
8864  18569.906054152427
8869  19313.199083725107
8874  18945.850267170914
8880  18707.08732195669
8885  19469.612068372622
8891  19052.065660196677
8896  18794.19755457
8901  19306.625723492794
8907  18412.623919727863
8912  18197.821426533137
8918  18404.264247161962
8923  18506.313664751044
8928  18101.41380315374
8934  18275.804528439327
8939  18220.66684839814
8944  18651.12556825588
8950  17621.290815975368
8955  17521.996701800315
8961  17053.82716579113
8966  16416.81739424877
8971  15707.3942174476
8977  15626.301738590451
8982  14755.14816189246
8987  14571.463592816783
8993  14631.600415722814
8998  14257.070568503716
9004  13682.603474200096
9009  13492.093044590236
9014  13302.072807116274
9020  13529.75265952288
9025  13587.958277199783
9031  13779.031997406842
9036  13715.637010243194
9041  14075.902032670016
9047  14453.33060034997
9052  15347.961295469619
9058  15604.998691609197
9063  15364.017728137229
9068  15190.884634036669
9074  14630.422801239703
9079  13748.407567479599
9085  13479.84243148528
9090  12993.996787194139
9095  12825.534008110868
9101  12708.032524833035
9106  12680.160324791126
9112  12603.0702657662
9117  12606.973822938678
9122  12722.606611134026
9128  12943.210207572853
9133  13157.966875246355
9139  12983.836935736093
9144  12512.394948596915
9149  12043.706133162339
9155  12013.081965380587
9160  12152.502853330392
9166  12081.990209839876
9171  11966.850249386649
9176  11961.367592966426
9182  12085.503294575255
9187  12007.895720729697
9193  11827.870432692987
9198  11815.873311842888
9203  12059.806012700186
9209  12642.84699083017
9214  12872.117831998143
9220  12812.273837800834
9225  12509.64022984531
9230  12353.336663664657
9236  12229.994599103351
9241  12206.337250685408
9247  12071.699757553864
9252  11919.788853433683
9257  11784.039738355548
9263  11785.941260676478
9268  11749.515866986012
9274  11795.373304123232
9279  11613.754819853368
9284  11661.825737265935
9290  11038.882821767922
9295  10307.322225080738
9301  9839.30543621828
9306  9202.674292142876
9312  8590.418840466937
9317  8166.238372615347
9322  7652.248594741613
9328  6896.657108722981
9333  6235.192052673127
9339  5476.436725695782
9344  5333.903287791344
9349  5107.952526835374
9355  4133.506290841563
9360  3782.0006208439
9366  4049.348363436823
9371  4514.272441363561
9376  4730.471690705106
9382  4748.636697607003
9387  4690.835142755503
9393  4698.552560237
9398  4878.918586849508
9403  5071.469635380995
9409  6355.798818588912
9414  7069.556391713438
9420  7608.9205543666885
9425  7476.607302860169
9430  8046.272704236535
9436  8190.432970966118
9441  8341.9931036437
9447  8419.759169525481
9452  8361.96922018423
9458  8151.41086910273
9463  7823.458433420649
9468  7605.335931171035
9474  7965.076446876132
9479  7882.9959916187
9485  7890.934354360162
9490  8088.8613018932865
9496  8172.0753912792225
9501  8011.521786855534
9506  7873.3601953223515
9512  7653.868416493397
9517  7456.059194094681
9523  7553.19606296446
9528  7692.380361660063
9533  8117.085576988818
9539  7973.200955993756
9544  7864.97774926723
9550  7832.154932706537
9555  7803.932434185901
9560  8217.934873635953
9566  8153.027602876954
9571  8086.726554945591
9577  8012.841442454498
9582  7978.416087559079
9587  8053.49410639299
9593  8247.760150547943
9598  8635.38464207192
9603  8417.155239614
9609  8324.315117986911
9614  8113.314495730124
9620  8123.943381976895
9625  8210.089576144024
9631  8310.714788325875
9636  8408.96342889124
9641  8335.426028408705
9647  8264.26067462798
9652  8264.985738808136
9658  8463.992417369338
9663  8544.607036750309
9669  8408.759050524191
9674  8555.618629856279
9679  8486.869689791592
9685  8704.578251358898
9690  8545.783021463498
9696  8755.198189676436
9701  8921.475023573192
9707  9259.293010669795
9712  9288.032130271858
9718  9245.714551849454
9723  8975.66326612331
9728  8968.833171679582
9734  8913.37590150773
9739  9104.18301434887
9745  8832.067147471093
9750  8670.554584024141
9755  8348.897688978277
9761  8103.528395511644
9766  8018.221863512912
9772  7946.4030112154205
9777  7750.189408399513
9782  7580.378146891275
9788  7720.526082770409
9793  7884.536178064201
9799  7864.82073088999
9804  7896.91793455899
9809  7757.58065722888
9815  7745.591683282201
9820  7695.243374102136
9826  7728.753851248965
9831  7530.2100986734695
9837  7625.885370393472
9842  7486.683914391383
9847  7394.051691387336
9853  7380.109132566483
9858  7448.119258338058
9864  7216.936174835697
9869  7345.968049952302
9875  7085.4838302184635
9880  6933.8894267434125
9885  6973.325822942268
9891  6951.110605104862
9896  6897.874067849094
9902  7001.08291665024
9907  6953.774499690626
9913  6942.751761030002
9918  6870.723647053716
9923  6890.952333628891
9929  6868.939331566266
9934  6883.447717516696
9940  6794.8458332141145
9945  6724.891363884245
9950  6691.337977991736
9956  6817.2382124468
9961  6872.986822885002
9967  6830.711395560475
9972  6718.577901019995
9977  6419.782365337759
9983  6375.285725589789
9988  6326.081637873861
9994  6491.29261371076
9999  6161.480783626642
10005  6126.491139502887
10010  5856.447240919755
10016  6035.189611353183
10021  6050.3231901939025
10026  6109.2308926970145
10032  6093.69250866467
10037  6033.531470581675
10043  6099.882531313593
10048  5958.188924194151
10054  5905.744606969823
10059  5942.119257448843
10065  5579.884417362927
10070  5392.939411576007
10076  5412.8239500846485
10081  5471.773261190519
10086  5428.796387029816
10092  5364.114095858603
10097  5206.131818508997
10103  5225.830402150379
10108  5176.258113661933
10114  5110.024184007197
10119  5144.01941397624
10125  5254.832323810622
10130  5299.117972634086
10136  5199.866110647189
10141  5064.883458791491
10146  4982.774153095929
10152  4846.260426457431
10157  4686.369906245051
10163  4647.838892587107
10168  4644.95280315798
10173  4647.169309303659
10179  4634.034813213103
10184  4522.7818924783
10190  4572.401429056964
10195  4509.251924695585
10200  4503.026977211969
10205  4477.212218178522
10214  4555.255871433638
10218  4652.334639558148
10224  4518.177675198567
10229  4465.058941923039
10235  4385.822765273399
10240  4307.302612896936
10245  4424.804005065527
10251  3532.194889237926
