#  This file contains the final extracted (wavelength, spec normalised) data 
4843  0.06671892153677308
4849  0.086154891532961
4870  0.08907705245761705
4838  0.09305725681450083
4858  0.09609525815173034
4853  0.10070632207316822
4889  0.10328087951295446
4882  0.10696911760536318
4890  0.10878108282541699
4895  0.11000547222017622
4900  0.11018904347173773
4905  0.11134907812926312
4910  0.11176601410110315
4915  0.11357925924935673
4920  0.11789709566450311
4925  0.12103533990908368
4930  0.12277294509997605
4935  0.12489841627521318
4940  0.12638433917815328
4945  0.12806317845360057
4950  0.12981868530255491
4955  0.13142454519476132
4961  0.1329232088455154
4966  0.13328610070091626
4971  0.13554726016334867
4976  0.13723126721624454
4981  0.1384709499343654
4986  0.14038698761181534
4991  0.1408583133995755
4996  0.14142393206930662
5001  0.14294828619628014
5006  0.144931574427249
5011  0.14801570172757353
5016  0.14979687420548826
5022  0.1514281741463583
5027  0.15514236779282445
5032  0.15652943625004048
5037  0.16190233802257611
5042  0.16588880439733392
5047  0.17027683500989332
5052  0.1715969306383555
5057  0.17284558341911727
5062  0.17655235259397503
5067  0.17694502024943068
5072  0.179659477181116
5077  0.18187851605825994
5082  0.18431833728303113
5088  0.18684721479344538
5093  0.18719487695908765
5098  0.19008630334060564
5103  0.19382619723498506
5108  0.19458209998152046
5113  0.1947701208365458
5118  0.1970773158005702
5123  0.19985585851167886
5128  0.20172153628902176
5133  0.20403132604088445
5138  0.20616838655542427
5144  0.20845755529866516
5149  0.2067874758979024
5154  0.20516475290658184
5159  0.20324880469005943
5164  0.2027015703764123
5169  0.20500887150700453
5174  0.20896183228045495
5179  0.21334791078629134
5184  0.21948457253330397
5189  0.2255143032909397
5195  0.23173041383145782
5200  0.23454119097658843
5205  0.23838594888563427
5210  0.24224647965241597
5215  0.24489598164165632
5220  0.245530322309387
5225  0.24697872282418373
5230  0.25345004485444816
5235  0.2560625061537857
5240  0.25719266938791285
5246  0.2576573548422362
5251  0.2552376922735266
5256  0.25274486531360874
5261  0.25228689730940745
5266  0.25442159510639306
5271  0.26203928330413295
5276  0.2683549442325711
5281  0.275009746698557
5286  0.28172918985467715
5291  0.2861322054112253
5297  0.28829826525688923
5302  0.29230896579060833
5307  0.29333874009729227
5312  0.29277663822623046
5317  0.29358476878828277
5322  0.292419149831724
5327  0.2936069227707816
5332  0.29837613140423397
5337  0.30284131648246265
5343  0.30719789711694623
5348  0.3115569711063095
5353  0.31440468208299743
5358  0.31583667674582444
5363  0.3176920408960209
5368  0.32023543315538827
5373  0.3229411059473754
5378  0.3233439993743949
5384  0.32356929659099615
5389  0.32388137902844766
5394  0.3253790639743234
5399  0.3265814059266976
5404  0.3293153171651708
5409  0.33432813549235724
5414  0.3379558109952179
5419  0.347594459805346
5425  0.3508974593517753
5430  0.35468317186173226
5435  0.3610356463809103
5440  0.3670638327803777
5445  0.3698461340235873
5450  0.37286939411879133
5455  0.3747313922537606
5460  0.3777815690410205
5465  0.38328314186675994
5471  0.38753852974529535
5476  0.39289986889835204
5481  0.3975686303367859
5486  0.40116731006754286
5491  0.40560194606605476
5496  0.40989197716249537
5501  0.41406342187780953
5507  0.4180953663793253
5512  0.4212554795567699
5517  0.4251337435035845
5522  0.42911020770018427
5527  0.43211259657138895
5532  0.43573461279582465
5537  0.4369901778933652
5543  0.4402628606885056
5548  0.44657255430966064
5553  0.44873825524901667
5558  0.4502141445782302
5563  0.4514394401568504
5568  0.45095823785030026
5573  0.45081396219540004
5579  0.4508535695283527
5584  0.45771160780756304
5589  0.4614690858405238
5594  0.46596791621990075
5599  0.4716921623315817
5604  0.47781938193544543
5609  0.48093161084186065
5615  0.4867371735274731
5620  0.4911992648145816
5625  0.4956996578136911
5630  0.4971711228112391
5635  0.4988051885754037
5640  0.5034364331905424
5645  0.5021865341712453
5650  0.5048937803037271
5656  0.5056305376556794
5661  0.5080786339922042
5666  0.5136551274396506
5671  0.5156568458746548
5676  0.522635171741642
5681  0.525234818479245
5686  0.5260279137572855
5692  0.5284443394114278
5697  0.5313465159097824
5702  0.5341332569198675
5707  0.5410939829934291
5712  0.5438156866416588
5717  0.5555504843021823
5723  0.5599513332208257
5728  0.5622344635291958
5733  0.567737508721638
5738  0.5691487015029172
5743  0.570555309618128
5748  0.5730978958209786
5753  0.5723577771773724
5759  0.5784219063246823
5764  0.5824147501726976
5769  0.5848002665182885
5774  0.5875319867535308
5779  0.589319883631954
5784  0.5952378163340262
5790  0.6001566365711236
5795  0.605198981921933
5800  0.6111658373635759
5805  0.621787287777559
5810  0.6271773791447628
5815  0.6337955270298484
5820  0.6399741684148949
5826  0.64542399843514
5831  0.6497472715776285
5836  0.6549459828139919
5841  0.6571730019246391
5846  0.6567641998122524
5851  0.6571573795178122
5857  0.6583207860034532
5862  0.662558999400246
5867  0.6619576394827152
5872  0.6553914423329066
5877  0.6488737770404931
5882  0.6431909930213088
5888  0.6414318048714661
5893  0.6411869195542795
5898  0.6464841854782009
5903  0.6565008492746589
5908  0.6659303135484264
5913  0.6772222027606882
5919  0.6858744556188031
5924  0.6900682969038442
5929  0.6931842186026576
5934  0.6963145186143462
5939  0.7014896035223895
5945  0.7038008333484919
5950  0.7103797688201513
5955  0.7155078057640801
5960  0.7199795682215943
5965  0.7234846240896601
5970  0.7262539215839997
5976  0.7288852337350232
5981  0.7295826780131629
5986  0.732182242792406
5991  0.7347635432613144
5996  0.7386179844917229
6002  0.7389483126106461
6007  0.7410495264524208
6012  0.7456241408096105
6017  0.7500011683231403
6022  0.7552285455843866
6027  0.7597589196799975
6033  0.7670608848708195
6038  0.7717573497600613
6043  0.7784189971638588
6048  0.7817355400887622
6053  0.7857792251257998
6059  0.7871176978526018
6064  0.7919138097918205
6069  0.7931787675837727
6074  0.794501382963165
6079  0.7968288508537354
6084  0.7987464575324084
6090  0.8024885536990031
6095  0.806265728941434
6100  0.8064363407669971
6105  0.8087249283629936
6110  0.8139411279638818
6116  0.8158452246351724
6121  0.8173327580141535
6126  0.8210981961457401
6131  0.8222865781342411
6136  0.8219527611190867
6142  0.8245563276027301
6147  0.82292458000411
6152  0.8238711525598524
6157  0.8259424732464045
6162  0.8318506974357812
6168  0.8366123912631932
6173  0.8442573123185872
6178  0.8519199997203373
6183  0.860538216326666
6188  0.8708647042450197
6194  0.8763204721586417
6199  0.8791285556901554
6204  0.8826854788754916
6209  0.8856883770643897
6214  0.8872244523346524
6220  0.8846884989091531
6225  0.8860448457597638
6230  0.884733243464137
6235  0.8838454481333923
6240  0.8890445694546629
6245  0.8922752406732356
6251  0.892483535661853
6256  0.8956468190275007
6261  0.9011465341171139
6266  0.9045413013070437
6272  0.9049121231543086
6277  0.9035750299058276
6282  0.9059152656369155
6287  0.9095842475281816
6292  0.9101791211598775
6298  0.9114081791298215
6303  0.9173839427514963
6308  0.9237868483103686
6313  0.9240556969586021
6318  0.9297825698978992
6324  0.9375226578611849
6329  0.9444501331005949
6334  0.9498465260379395
6339  0.9503442813530942
6345  0.954895277657254
6350  0.9623676729794824
6355  0.9637190986220521
6360  0.9694310737807814
6365  0.9773581587527645
6371  0.9836650451344526
6376  0.989626514812347
6381  0.9923746839736237
6386  0.9945424680643945
6391  0.995356181055484
6397  0.9973889878062971
6402  1.0009758765036425
6407  1.0032736815119043
6412  1.0069693509010669
6417  1.0091187701835875
6423  1.01004799808324
6428  1.019379079539207
6433  1.0235778422292485
6438  1.0275756887431298
6444  1.026020141369179
6449  1.0243787717433033
6454  1.0207724182295617
6459  1.020901045479604
6464  1.0188848520722125
6470  1.0167578384448517
6475  1.0167973585553984
6480  1.020746192238278
6485  1.0232253465233454
6491  1.0236790170132695
6496  1.0266527543754473
6501  1.0342786604264178
6506  1.040377374534083
6511  1.0455764532072396
6517  1.0511610699313072
6522  1.053666889494453
6527  1.0541116231880918
6532  1.0506578854027797
6538  1.0389403045148111
6543  1.02121649699639
6548  0.999158825969425
6553  0.9805329345118169
6559  0.9710575715773638
6564  0.9767665140142127
6569  0.9955181433238635
6574  1.0215183660655716
6579  1.0547467542716324
6585  1.0726054478810316
6590  1.0934359552288535
6595  1.1051853274467611
6600  1.1114306902144566
6606  1.1133713030211279
6611  1.1207518408848343
6616  1.1248585107335407
6621  1.1285382343564097
6627  1.1288016449264267
6632  1.1272234723990198
6637  1.1333600706412845
6642  1.1303790105377467
6647  1.1359133773012577
6653  1.1403937848003989
6658  1.144764524614356
6663  1.146457303312003
6668  1.1468863134565759
6674  1.1541150109002527
6679  1.1597048589337102
6684  1.162643785450145
6689  1.1646346896854283
6695  1.162396169740819
6700  1.1612662995922276
6705  1.15930536695358
6710  1.1644014558007691
6716  1.1657487775066913
6721  1.1694640866331463
6726  1.1722993393119485
6731  1.1751141113250727
6737  1.1793424714277514
6742  1.1857385357412287
6747  1.186825551597553
6752  1.1888183921275497
6758  1.1931953593774136
6763  1.197102825967427
6768  1.200933972503443
6773  1.2003324912991473
6779  1.2000648678269594
6784  1.20170338221074
6789  1.2019128006229747
6794  1.2069755755168181
6800  1.2080116715154319
6805  1.2086482961717584
6810  1.210321216633364
6815  1.211947015034523
6821  1.2089207627959244
6826  1.206394566722637
6831  1.2043924868263134
6836  1.2016709529954313
6842  1.1949825840007517
6847  1.168668588474075
6852  1.1387411429365426
6857  1.1086552225223614
6863  1.0657634908196194
6868  1.03174724041084
6873  1.0150732108551292
6878  1.0204688770946186
6884  1.0383845345878222
6889  1.0506424817638966
6894  1.0807297094245305
6899  1.1035060799009113
6905  1.1126901608876583
6910  1.1337881173461575
6915  1.1461785498224928
6920  1.1564437907850063
6926  1.1586497777173008
6931  1.1647487368781613
6936  1.1655951708650387
6941  1.1695395091100977
6947  1.1780907462103352
6952  1.184543238013691
6957  1.198759692283431
6962  1.2049768297376982
6968  1.2107285243992334
6973  1.2106510824665713
6978  1.2107645206686455
6983  1.2031436895556882
6989  1.1950684053596747
6994  1.1919917139239387
6999  1.1928885619291867
7005  1.1904128942333219
7010  1.189629320358099
7015  1.1895754084094805
7020  1.19051315088114
7026  1.200015930633313
7031  1.211961328275473
7036  1.2176565543237312
7041  1.2233242178587413
7047  1.2298376949203673
7052  1.2332175047112655
7057  1.2345498160916468
7062  1.2344959648791516
7068  1.2349899341216815
7073  1.2371530305589409
7078  1.238612309552646
7083  1.2423445771457575
7089  1.240965534342232
7094  1.2422827251053616
7099  1.2416150410366875
7105  1.2438082136908755
7110  1.2427365322311368
7115  1.243375256638853
7120  1.2438677624887304
7126  1.2455692487977832
7131  1.2430983108986275
7136  1.2397706391351644
7142  1.228923606121525
7147  1.2137795358698726
7152  1.1838223516612167
7157  1.1541359876964004
7163  1.1164198948511725
7168  1.0743853564676735
7173  1.0356428039477605
7178  1.0064536410420895
7184  0.9963206381357579
7189  0.9997689548104475
7194  1.0074285633512055
7200  1.027480698638905
7205  1.0573067421110767
7210  1.0856070323784048
7215  1.1071885525857157
7221  1.1115367810842387
7226  1.101505722715659
7231  1.0839219163005713
7236  1.0719217749463388
7242  1.0636780330996967
7247  1.0649013082473655
7252  1.0679137793047262
7258  1.0717270311183429
7263  1.0752267457654543
7268  1.0750552260253503
7273  1.074984003228579
7279  1.0762015736567843
7284  1.0796632529374695
7289  1.085621719739454
7295  1.0944447368242713
7300  1.103458022663775
7305  1.1153350081597584
7311  1.1278862058158778
7316  1.1443592838907801
7321  1.1669950802089537
7326  1.1784865590890738
7332  1.1962063919479313
7337  1.2101101680707764
7342  1.2138272240867005
7348  1.2119428942315498
7353  1.2103586896994245
7358  1.2092141124953861
7363  1.2089820214484444
7369  1.2090080569289785
7374  1.213965191439645
7379  1.2123329984221178
7385  1.2137067348505919
7390  1.2089944129027075
7395  1.2105636402593425
7400  1.2108668778234903
7406  1.2142800046519207
7411  1.2188193113582857
7416  1.2233208804864935
7422  1.2250855286502842
7427  1.2319100264278364
7432  1.2360301364771986
7437  1.2396713147666911
7443  1.241257742607687
7448  1.2417043094395284
7453  1.240981812916603
7459  1.2372917289658452
7464  1.2389157540294125
7469  1.239250523475342
7474  1.2398457713217303
7480  1.2366649792708397
7485  1.2318221356804222
7490  1.2274040328929052
7496  1.2246495126136234
7501  1.22415510152275
7506  1.22697260120704
7512  1.2303005807391072
7517  1.229656300751767
7522  1.2301357598018325
7528  1.2299278427443472
7533  1.2321831824920118
7538  1.230825834230751
7543  1.2276782167026545
7549  1.2286624661303143
7554  1.226976169108922
7559  1.227932184990717
7565  1.2175199299671193
7570  1.1770059931612211
7575  1.117213928538649
7581  1.0154889456518037
7586  0.879880135291411
7591  0.7413600343260641
7596  0.6052842566905898
7602  0.5150808475994527
7607  0.47918760907244706
7612  0.4901469800021001
7618  0.5358555963698817
7623  0.5817989084548452
7628  0.6136564894619833
7634  0.6436612113861999
7639  0.6835712462172617
7644  0.745026858893349
7650  0.8184183834537755
7655  0.887945178396445
7660  0.949683557458757
7666  1.0083432482081192
7671  1.0640116224981717
7676  1.0994878205037957
7682  1.134207339207953
7687  1.1517911223443849
7692  1.1629050825125473
7697  1.1718194500708885
7703  1.1771598427118652
7708  1.1782421361821958
7713  1.1811417879732873
7719  1.1825453373974988
7724  1.1853415003538534
7729  1.1842026879593948
7735  1.18493641044183
7740  1.1827325682593193
7745  1.180908746097489
7751  1.1783233675902964
7756  1.18270196483308
7761  1.1815964747925858
7767  1.1831197330174557
7772  1.1833383475338808
7777  1.1835897076045387
7783  1.1813262960878177
7788  1.1816453884262414
7793  1.1781239190672943
7798  1.180659599884693
7804  1.1785322955427364
7809  1.1762783671525643
7814  1.1759987204482674
7820  1.1748696335547886
7825  1.1765396090253277
7830  1.1734597506260873
7836  1.1690856896730493
7841  1.1683578599229478
7846  1.166542456000558
7852  1.1643142080195956
7857  1.160643945018953
7862  1.1591080831922316
7868  1.1541834069002543
7873  1.1488109126435926
7878  1.1444387878063602
7884  1.1405601286252725
7889  1.1300697870979595
7894  1.1264944100491605
7900  1.1219442399998965
7905  1.1167912973540923
7910  1.1094335753578808
7916  1.108362711047411
7921  1.1042601000417893
7926  1.1011015167593776
7932  1.09700067388236
7937  1.099883652650559
7942  1.097712080039415
7948  1.0975384917210478
7953  1.0997697869241592
7958  1.100061971159298
7964  1.1017091460458874
7969  1.1006898138652683
7974  1.1023967650615087
7980  1.1053892208508622
7985  1.102985289595649
7990  1.09955956747337
7996  1.0944233117639546
8001  1.0897391704738437
8006  1.0842128352379652
8012  1.083548043915499
8017  1.0836836944483905
8022  1.0811506139859806
8028  1.0782719363448454
8033  1.0777545202812309
8038  1.0778250169076025
8044  1.08071546403549
8049  1.0807732949396325
8054  1.0849992182395798
8060  1.0833689253970806
8065  1.0861294114590825
8070  1.0811991054553882
8076  1.0746362943276337
8081  1.0696980185574207
8086  1.0623513353046021
8092  1.057414796293051
8097  1.0522220476662638
8102  1.0449950074537224
8108  1.0416323890819439
8113  1.0265069537630396
8118  1.0176820199287113
8124  0.9953507338291793
8129  0.973310277798088
8134  0.944153035768497
8140  0.9216208870208896
8145  0.9018375334525598
8150  0.8856600802166675
8156  0.8704774088863408
8161  0.8588287168813441
8166  0.8556293846443336
8172  0.8508401010275851
8177  0.8525397654952872
8182  0.8591502805962015
8188  0.8769153707876646
8193  0.8900338924548266
8198  0.8984510937162107
8204  0.9070614738451958
8209  0.9027467414174011
8215  0.8886869603969237
8220  0.8704164783142854
8225  0.8543753477971076
8231  0.8517560898812133
8236  0.8609976656901707
8241  0.8856220367690897
8247  0.9203327361019856
8252  0.9371466116852148
8257  0.9414947883668666
8263  0.9363349027519039
8268  0.923169796645554
8273  0.9139859260356219
8279  0.9061182282924994
8284  0.9040899381546779
8289  0.9038786943253102
8295  0.9052223026228575
8300  0.9079351702131225
8305  0.9135041415976396
8311  0.9147145677621676
8316  0.9145986060253594
8321  0.9134320630613362
8327  0.9159680673973649
8332  0.9165950052565814
8338  0.9231017373067166
8343  0.9385877393266583
8348  0.9475002077889142
8354  0.9510202642544006
8359  0.9591614445737209
8364  0.9636389931034578
8370  0.9672680583284227
8375  0.9678386108124108
8380  0.9676789562694239
8386  0.967516452172108
8391  0.9687984427421897
8396  0.9724735919304961
8402  0.9752133867116645
8407  0.973503694512546
8412  0.9736593136668592
8418  0.9736459014850596
8423  0.968793095453442
8429  0.9651112454935907
8434  0.9653886947587873
8439  0.9634604307094566
8445  0.9625427185503127
8450  0.9671566613393837
8455  0.9662266870275943
8461  0.9646543077365533
8466  0.9628120673652313
8472  0.9592556704922968
8477  0.9508695234940674
8482  0.9446599079800853
8488  0.9360903975084696
8493  0.9195328839908045
8498  0.9110039155425663
8504  0.9093446516121638
8509  0.910427029890746
8514  0.9154796608778607
8520  0.9136326514910806
8525  0.900714027262338
8531  0.8769912429649015
8536  0.8511498446741979
8541  0.837937327010934
8547  0.8317176893463764
8552  0.8404291926084088
8557  0.8613861220830108
8563  0.8954323535410895
8568  0.9202807909685027
8573  0.9270990818347505
8579  0.9296398213674234
8584  0.9295187055721108
8590  0.9243107428019451
8595  0.9225318693475476
8600  0.9208488713784683
8606  0.9207759388046713
8611  0.9181780540511237
8616  0.9179352977391013
8622  0.9197458317118606
8627  0.9197879460330205
8632  0.9167258169978884
8638  0.9087793887320024
8643  0.8996140731399531
8649  0.8797391543395903
8654  0.8529672458623713
8659  0.8340166560176134
8665  0.8241225843394439
8670  0.8210551204412561
8675  0.8285865784372266
8681  0.847818230909074
8686  0.8641770541651187
8692  0.8786647980414125
8697  0.8838460841531532
8702  0.8836250351197367
8708  0.8809888532661252
8713  0.8798506517563521
8718  0.877681750257619
8724  0.8744693434661202
8729  0.8714000353236198
8735  0.8679745746938151
8740  0.8636010035047044
8745  0.8581935257873546
8751  0.8547835436139154
8756  0.8532845486720967
8761  0.8516798562370035
8767  0.8523491390679762
8772  0.8543102143816319
8778  0.8525210463375099
8783  0.85372712407266
8788  0.8517465790205831
8794  0.8478521211227744
8799  0.839120627444077
8804  0.835765780656303
8810  0.8319716020368323
8815  0.8288936473526374
8821  0.8287451176093995
8826  0.8294186784494132
8831  0.8289790191205599
8837  0.8308767307651422
8842  0.8301930357757329
8848  0.8251546144094487
8853  0.8162609092151432
8858  0.8140014144231562
8864  0.8028257393280155
8869  0.7997228813747952
8874  0.7997610735601953
8880  0.798291509940643
8885  0.8001473960406198
8891  0.8004513239040161
8896  0.8005414894165485
8901  0.8000290415391428
8907  0.7974442564189962
8912  0.7919378552192409
8918  0.783317986434819
8923  0.7777132126182686
8928  0.764263449160329
8934  0.7524639922594036
8939  0.7423286812574431
8944  0.7302730740137757
8950  0.7091910732261454
8955  0.6885441041846482
8961  0.6707416769432375
8966  0.6489083942927195
8971  0.624714031463127
8977  0.6102930208263009
8982  0.6037720217754621
8987  0.5869671697151091
8993  0.5698606447870366
8998  0.559773848109252
9004  0.5563404085122183
9009  0.5572123598123258
9014  0.55716217714705
9020  0.5638064974092661
9025  0.5694002164987159
9031  0.585265032059606
9036  0.607995367758823
9041  0.6295227657943884
9047  0.6476521142843749
9052  0.6482908562751258
9058  0.6384690631214395
9063  0.6195915267228836
9068  0.5970765185122666
9074  0.5687215975280909
9079  0.546024472678478
9085  0.5364341562536437
9090  0.5275719062957935
9095  0.5257722505084984
9101  0.5247400568321177
9106  0.5251769751793856
9112  0.527195207181851
9117  0.5312318942422
9122  0.5312896197654486
9128  0.5229943236653368
9133  0.5167360099349235
9139  0.5113786039317099
9144  0.5013929935321887
9149  0.5004517600745534
9155  0.4984957607701728
9160  0.49485075365222325
9166  0.4939889950458863
9171  0.4978446916455036
9176  0.4992182369528598
9182  0.49909215459113976
9187  0.5023656985305712
9193  0.5138700790212505
9198  0.5281193293826013
9203  0.5372210382174206
9209  0.5392711793975373
9214  0.5342630819540504
9220  0.5291332467947283
9225  0.5181791021688689
9230  0.5110297538970745
9236  0.5008127782463164
9241  0.49417470619543125
9247  0.4929542212695053
9252  0.4929469838740843
9257  0.4918256817352245
9263  0.4888572196326768
9268  0.48605231785263114
9274  0.4799716250524578
9279  0.47325210981024257
9284  0.4561913765465101
9290  0.4213372969297278
9295  0.39635745669570666
9301  0.3723407586679384
9306  0.34670028077528287
9312  0.31734341809830674
9317  0.2876792658993363
9322  0.2585263547195411
9328  0.23139196384363508
9333  0.20637503700611748
9339  0.1870196379397798
9344  0.1706777366266413
9349  0.16094341231464165
9355  0.15847240028035123
9360  0.16314445982983644
9366  0.1653784594297585
9371  0.16640304753936327
9376  0.16903048624393452
9382  0.1731204492385687
9387  0.18265255377207762
9393  0.20266951787196766
9398  0.2319932443736734
9403  0.2713680864549116
9409  0.3012612692059991
9414  0.32151093217028104
9420  0.3292231598854718
9425  0.33710299565959123
9430  0.3439781051522271
9436  0.34290783426920973
9441  0.34379859408020974
9447  0.3421114711793875
9452  0.3368560011601767
9458  0.33691235956262405
9463  0.3382008001473026
9468  0.34026696655991073
9474  0.3417500004460222
9479  0.34341661983234134
9485  0.34234717831969935
9490  0.3335194722093127
9496  0.327981051940926
9501  0.32722039407473336
9506  0.3238473514264972
9512  0.32006403484716894
9517  0.32359152494323573
9523  0.33243546011010267
9528  0.3369434413266378
9533  0.33618734504455133
9539  0.33689228124015436
9544  0.34031868280620703
9550  0.34248612398812966
9555  0.34335134648906646
9560  0.34206410294845385
9566  0.3429491661800858
9571  0.3445883135102518
9577  0.3483698291814565
9582  0.3535448455018441
9587  0.36169080259650255
9593  0.36419896582445754
9598  0.36152812251792704
9603  0.352833577926439
9609  0.3467863812064007
9614  0.34740846931511754
9620  0.3539434928492064
9625  0.3615372856968764
9631  0.36376105481002574
9636  0.363064780704945
9641  0.3625593626194087
9647  0.3636914436518645
9652  0.36736945053977066
9658  0.3688193176107982
9663  0.3714414474634288
9669  0.373087963254402
9674  0.37457567560444927
9679  0.37793824027208844
9685  0.3893708754281105
9690  0.4007047412814037
9696  0.40853400458263983
9701  0.40939082136272864
9707  0.4079981294362319
9712  0.40744738401476677
9718  0.4055764997369816
9723  0.4043613010706505
9728  0.40296281222214964
9734  0.3996086492005109
9739  0.38715151097196515
9745  0.3761038161996636
9750  0.3666222941593827
9755  0.3594898819158243
9761  0.35390401546023115
9766  0.35205129747955055
9772  0.35201008443195336
9777  0.3529006961336441
9782  0.35399617019171925
9788  0.3553048466302176
9793  0.35377655416985454
9799  0.3478083361304005
9804  0.341878427934139
9809  0.33980152053265494
9815  0.33862998428141333
9820  0.3396893838915917
9826  0.3400511713535476
9831  0.33926160069531014
9837  0.3374156239879505
9842  0.33673640240864405
9847  0.3378388189383384
9853  0.33854536454011586
9858  0.33671694500487465
9864  0.3329811482288074
9869  0.32720768250113885
9875  0.32611134948628995
9880  0.32804708636937097
9885  0.32841106183043905
9891  0.3260532446360294
9896  0.3233556964026023
9902  0.3220192172597369
9907  0.32227647549344024
9913  0.3223804201284082
9918  0.3207321092480612
9923  0.3165430778775051
9929  0.3142094768866244
9934  0.31171199456832294
9940  0.3089540117864626
9945  0.30545290842588124
9950  0.30182992686012466
9956  0.29715860349725315
9961  0.29311154660001987
9967  0.29184292181341737
9972  0.2936816286472948
9977  0.29617194916801415
9983  0.2965901416679851
9988  0.2943359432854583
9994  0.28732539645883903
9999  0.284546324772524
10005  0.2841110034416757
10010  0.28278589838495094
10016  0.2792439577074611
10021  0.27720738798036615
10026  0.2756590105881336
10032  0.27476231420960284
10037  0.27561598255610703
10043  0.2747421047944902
10048  0.27104904139421754
10054  0.2654713982094327
10059  0.2591864868391852
10065  0.25558158275943677
10070  0.25478524623003074
10076  0.25449507709721986
10081  0.2537527758462363
10086  0.2526489936857574
10092  0.2491846946323693
10097  0.24821838670406282
10103  0.2482595966109503
10108  0.24970571364481214
10114  0.24968773074630446
10119  0.24871149214522703
10125  0.2449166063484357
10130  0.23743674513261856
10136  0.23134723341277555
10141  0.22561421059613
10146  0.22362992086454753
10152  0.2227072861307298
10157  0.22244839560762988
10163  0.2225824467973091
10168  0.21909362972416102
10173  0.2183470214642694
10179  0.21780625753510674
10184  0.21982791633554657
10190  0.2201903242961783
10195  0.2190175113625111
10200  0.21863094509886044
10205  0.21898454429714548
10214  0.21915581367831374
10218  0.218190114147626
10224  0.2154253297853306
10229  0.21332270597691583
10235  0.21223598142310005
10240  0.21026987092379318
10245  0.21196438655148508
10251  0.163571112833896
