3000.  4.134161
3005.  3.934814
3010.  3.745808
3015.  3.566827
3020.  3.397555
3025.  3.237676
3030.  3.086875
3035.  2.944835
3040.  2.81124
3045.  2.685774
3050.  2.568122
3055.  2.457967
3060.  2.354994
3065.  2.258886
3070.  2.169328
3075.  2.086003
3080.  2.008597
3085.  1.936792
3090.  1.870272
3095.  1.808723
3100.  1.751827
3105.  1.69927
3110.  1.650734
3115.  1.605904
3120.  1.564464
3125.  1.526099
3130.  1.490492
3135.  1.457327
3140.  1.426288
3145.  1.397059
3150.  1.369325
3155.  1.34277
3160.  1.317076
3165.  1.291982
3170.  1.267431
3175.  1.24342
3180.  1.219947
3185.  1.197008
3190.  1.174601
3195.  1.152723
3200.  1.13137
3205.  1.110539
3210.  1.090228
3215.  1.070434
3220.  1.051153
3225.  1.032382
3230.  1.014119
3235.  0.9963609
3240.  0.9791039
3245.  0.9623454
3250.  0.9460824
3255.  0.9303119
3260.  0.915031
3265.  0.9002364
3270.  0.8859255
3275.  0.872095
3280.  0.8587419
3285.  0.8458635
3290.  0.8334565
3295.  0.821518
3300.  0.8100449
3305.  0.7990344
3310.  0.7884835
3315.  0.778389
3320.  0.7687479
3325.  0.7595551
3330.  0.7507963
3335.  0.7424547
3340.  0.7345139
3345.  0.7269572
3350.  0.7197681
3355.  0.71293
3360.  0.7064263
3365.  0.7002405
3370.  0.694356
3375.  0.688756
3380.  0.6834242
3385.  0.6783438
3390.  0.6734985
3395.  0.6688713
3400.  0.664446
3405.  0.6602058
3410.  0.6561342
3415.  0.6522146
3420.  0.6484305
3425.  0.6447652
3430.  0.6412021
3435.  0.6377246
3440.  0.6343163
3445.  0.6309605
3450.  0.6276406
3455.  0.6255912
3460.  0.6230564
3465.  0.620532
3470.  0.6180179
3475.  0.6155142
3480.  0.6130208
3485.  0.6105375
3490.  0.6080647
3495.  0.6056019
3500.  0.6031494
3505.  0.600707
3510.  0.5982748
3515.  0.5958528
3520.  0.5934408
3525.  0.5910389
3530.  0.5886471
3535.  0.5862653
3540.  0.5838934
3545.  0.5815316
3550.  0.5791798
3555.  0.5768378
3560.  0.5745059
3565.  0.5721837
3570.  0.5698714
3575.  0.5675689
3580.  0.5652763
3585.  0.5629935
3590.  0.5607204
3595.  0.5584571
3600.  0.5562034
3605.  0.5539595
3610.  0.5517253
3615.  0.5495006
3620.  0.5472857
3625.  0.5450802
3630.  0.5428845
3635.  0.5406982
3640.  0.5385214
3645.  0.5363541
3650.  0.5341964
3655.  0.5320481
3660.  0.5299091
3665.  0.5277797
3670.  0.5256596
3675.  0.5235488
3680.  0.5214474
3685.  0.5193553
3690.  0.5172725
3695.  0.5151989
3700.  0.5131345
3705.  0.5110794
3710.  0.5090335
3715.  0.5069967
3720.  0.5049691
3725.  0.5029505
3730.  0.5009411
3735.  0.4989408
3740.  0.4969495
3745.  0.4949672
3750.  0.4929939
3755.  0.4910295
3760.  0.4890741
3765.  0.4871277
3770.  0.4851902
3775.  0.4832615
3780.  0.4813417
3785.  0.4794306
3790.  0.4775285
3795.  0.475635
3800.  0.4737504
3805.  0.4718744
3810.  0.4700072
3815.  0.4681487
3820.  0.4662988
3825.  0.4644575
3830.  0.4626249
3835.  0.4608008
3840.  0.4589854
3845.  0.4571784
3850.  0.45538
3855.  0.45359
3860.  0.4518086
3865.  0.4500355
3870.  0.4482709
3875.  0.4465147
3880.  0.4447668
3885.  0.4430273
3890.  0.4412961
3895.  0.4395733
3900.  0.4378586
3905.  0.4361523
3910.  0.4344542
3915.  0.4327643
3920.  0.4310825
3925.  0.4294089
3930.  0.4277435
3935.  0.4260861
3940.  0.4244368
3945.  0.4227956
3950.  0.4211624
3955.  0.4195373
3960.  0.4179201
3965.  0.4163108
3970.  0.4147095
3975.  0.4131162
3980.  0.4115307
3985.  0.4099531
3990.  0.4083833
3995.  0.4068213
4000.  0.4052672
4005.  0.4037208
4010.  0.4021822
4015.  0.4006512
4020.  0.399128
4025.  0.3976125
4030.  0.3961045
4035.  0.3946043
4040.  0.3931116
4045.  0.3916265
4050.  0.3901489
4055.  0.3886789
4060.  0.3872164
4065.  0.3857614
4070.  0.3843138
4075.  0.3828737
4080.  0.381441
4085.  0.3800156
4090.  0.3785976
4095.  0.377187
4100.  0.3757836
4105.  0.3743876
4110.  0.3729988
4115.  0.3716173
4120.  0.370243
4125.  0.3688758
4130.  0.3675159
4135.  0.366163
4140.  0.3648174
4145.  0.3634787
4150.  0.3621472
4155.  0.3608228
4160.  0.3595053
4165.  0.3581949
4170.  0.3568914
4175.  0.3555949
4180.  0.3543053
4185.  0.3530226
4190.  0.3517468
4195.  0.3504779
4200.  0.3492158
4205.  0.3479604
4210.  0.3467119
4215.  0.3454701
4220.  0.3442352
4225.  0.3430068
4230.  0.3417852
4235.  0.3405702
4240.  0.3393619
4245.  0.3381602
4250.  0.3369651
4255.  0.3357766
4260.  0.3345945
4265.  0.3334191
4270.  0.3322501
4275.  0.3310876
4280.  0.3299315
4285.  0.3287819
4290.  0.3276387
4295.  0.3265018
4300.  0.3253713
4305.  0.3242471
4310.  0.3231292
4315.  0.3220176
4320.  0.3209122
4325.  0.3198131
4330.  0.3187203
4335.  0.3176335
4340.  0.3165529
4345.  0.3154785
4350.  0.3144102
4355.  0.313348
4360.  0.3122918
4365.  0.3112417
4370.  0.3101976
4375.  0.3091595
4380.  0.3081273
4385.  0.3071011
4390.  0.3060808
4395.  0.3050664
4400.  0.3040579
4405.  0.3030552
4410.  0.3020584
4415.  0.3010673
4420.  0.300082
4425.  0.2991025
4430.  0.2981287
4435.  0.2971606
4440.  0.2961982
4445.  0.2952414
4450.  0.2942903
4455.  0.2933448
4460.  0.2924048
4465.  0.2914704
4470.  0.2905416
4475.  0.2896183
4480.  0.2887004
4485.  0.287788
4490.  0.286881
4495.  0.2859795
4500.  0.2850834
4505.  0.2841926
4510.  0.2833072
4515.  0.282427
4520.  0.2815522
4525.  0.2806827
4530.  0.2798183
4535.  0.2789592
4540.  0.2781054
4545.  0.2772567
4550.  0.2764131
4555.  0.2755747
4560.  0.2747413
4565.  0.2739131
4570.  0.2730898
4575.  0.2722717
4580.  0.2714585
4585.  0.2706503
4590.  0.2698471
4595.  0.2690488
4600.  0.2682554
4605.  0.2674669
4610.  0.2666833
4615.  0.2659045
4620.  0.2651305
4625.  0.2643613
4630.  0.2635969
4635.  0.2628372
4640.  0.2620822
4645.  0.2613319
4650.  0.2605863
4655.  0.2598454
4660.  0.259109
4665.  0.2583773
4670.  0.2576501
4675.  0.2569275
4680.  0.2562094
4685.  0.2554958
4690.  0.2547867
4695.  0.254082
4700.  0.2533818
4705.  0.252686
4710.  0.2519945
4715.  0.2513074
4720.  0.2506247
4725.  0.2499462
4730.  0.249272
4735.  0.2486021
4740.  0.2479365
4745.  0.247275
4750.  0.2466177
4755.  0.2459646
4760.  0.2453157
4765.  0.2446708
4770.  0.2440301
4775.  0.2433934
4780.  0.2427608
4785.  0.2421322
4790.  0.2415075
4795.  0.2408869
4800.  0.2402702
4805.  0.2396574
4810.  0.2390485
4815.  0.2384435
4820.  0.2378424
4825.  0.2372451
4830.  0.2366515
4835.  0.2360618
4840.  0.2354758
4845.  0.2348936
4850.  0.2343151
4855.  0.2337402
4860.  0.233169
4865.  0.2326014
4870.  0.2320375
4875.  0.2314772
4880.  0.2309204
4885.  0.2303671
4890.  0.2298174
4895.  0.2292711
4900.  0.2287284
4905.  0.228189
4910.  0.2276531
4915.  0.2271206
4920.  0.2265914
4925.  0.2260656
4930.  0.2255432
4935.  0.225024
4940.  0.2245081
4945.  0.2239954
4950.  0.223486
4955.  0.2229798
4960.  0.2224768
4965.  0.2219769
4970.  0.2214801
4975.  0.2209865
4980.  0.2204959
4985.  0.2200084
4990.  0.2195239
4995.  0.2190425
5000.  0.218564
5005.  0.2180885
5010.  0.2176159
5015.  0.2171463
5020.  0.2166795
5025.  0.2162156
5030.  0.2157546
5035.  0.2152963
5040.  0.2148409
5045.  0.2143882
5050.  0.2139383
5055.  0.2134911
5060.  0.2130466
5065.  0.2126048
5070.  0.2121656
5075.  0.211729
5080.  0.2112951
5085.  0.2108637
5090.  0.2104349
5095.  0.2100087
5100.  0.2095849
5105.  0.2091636
5110.  0.2087447
5115.  0.2083284
5120.  0.2079144
5125.  0.2075028
5130.  0.2070935
5135.  0.2066866
5140.  0.206282
5145.  0.2058797
5150.  0.2054797
5155.  0.2050819
5160.  0.2046863
5165.  0.204293
5170.  0.2039017
5175.  0.2035127
5180.  0.2031257
5185.  0.2027409
5190.  0.2023581
5195.  0.2019774
5200.  0.2015987
5205.  0.201222
5210.  0.2008473
5215.  0.2004745
5220.  0.2001037
5225.  0.1997348
5230.  0.1993677
5235.  0.1990025
5240.  0.1986392
5245.  0.1982777
5250.  0.1979179
5255.  0.1975599
5260.  0.1972036
5265.  0.1968491
5270.  0.1964962
5275.  0.196145
5280.  0.1957955
5285.  0.1954475
5290.  0.1951012
5295.  0.1947564
5300.  0.1944132
5305.  0.1940715
5310.  0.1937313
5315.  0.1933926
5320.  0.1930553
5325.  0.1927194
5330.  0.192385
5335.  0.1920519
5340.  0.1917201
5345.  0.1913897
5350.  0.1910606
5355.  0.1907328
5360.  0.1904063
5365.  0.1900809
5370.  0.1897568
5375.  0.1894339
5380.  0.1891121
5385.  0.1887915
5390.  0.1884719
5395.  0.1881535
5400.  0.1878361
5405.  0.1875198
5410.  0.1872045
5415.  0.1868902
5420.  0.1865768
5425.  0.1862644
5430.  0.1859529
5435.  0.1856423
5440.  0.1853326
5445.  0.1850237
5450.  0.1847157
5455.  0.1844084
5460.  0.1841019
5465.  0.1837962
5470.  0.1834912
5475.  0.1831869
5480.  0.1828833
5485.  0.1825804
5490.  0.182278
5495.  0.1819763
5500.  0.1816752
5505.  0.1813746
5510.  0.1810746
5515.  0.1807752
5520.  0.1804763
5525.  0.1801779
5530.  0.1798802
5535.  0.179583
5540.  0.1792864
5545.  0.1789903
5550.  0.1786948
5555.  0.1783999
5560.  0.1781055
5565.  0.1778117
5570.  0.1775185
5575.  0.1772258
5580.  0.1769337
5585.  0.1766422
5590.  0.1763512
5595.  0.1760608
5600.  0.175771
5605.  0.1754818
5610.  0.1751931
5615.  0.1749051
5620.  0.1746175
5625.  0.1743306
5630.  0.1740443
5635.  0.1737585
5640.  0.1734733
5645.  0.1731886
5650.  0.1729046
5655.  0.1726211
5660.  0.1723382
5665.  0.1720559
5670.  0.1717742
5675.  0.1714931
5680.  0.1712125
5685.  0.1709325
5690.  0.1706531
5695.  0.1703743
5700.  0.1700961
5705.  0.1698185
5710.  0.1695414
5715.  0.169265
5720.  0.1689891
5725.  0.1687138
5730.  0.1684391
5735.  0.168165
5740.  0.1678915
5745.  0.1676186
5750.  0.1673463
5755.  0.1670745
5760.  0.1668034
5765.  0.1665329
5770.  0.1662629
5775.  0.1659936
5780.  0.1657248
5785.  0.1654566
5790.  0.1651891
5795.  0.1649221
5800.  0.1646558
5805.  0.16439
5810.  0.1641248
5815.  0.1638603
5820.  0.1635963
5825.  0.1633329
5830.  0.1630702
5835.  0.162808
5840.  0.1625465
5845.  0.1622856
5850.  0.1620252
5855.  0.1617655
5860.  0.1615064
5865.  0.1612478
5870.  0.1609899
5875.  0.1607326
5880.  0.160476
5885.  0.1602199
5890.  0.1599644
5895.  0.1597096
5900.  0.1594553
5905.  0.1592017
5910.  0.1589487
5915.  0.1586963
5920.  0.1584445
5925.  0.1581933
5930.  0.1579428
5935.  0.1576928
5940.  0.1574435
5945.  0.1571948
5950.  0.1569467
5955.  0.1566993
5960.  0.1564525
5965.  0.1562062
5970.  0.1559606
5975.  0.1557157
5980.  0.1554713
5985.  0.1552276
5990.  0.1549845
5995.  0.154742
6000.  0.1545002
6005.  0.154259
6010.  0.1540183
6015.  0.1537784
6020.  0.153539
6025.  0.1533003
6030.  0.1530623
6035.  0.1528248
6040.  0.152588
6045.  0.1523518
6050.  0.1521162
6055.  0.1518813
6060.  0.151647
6065.  0.1514134
6070.  0.1511804
6075.  0.150948
6080.  0.1507162
6085.  0.1504851
6090.  0.1502547
6095.  0.1500248
6100.  0.1497957
6105.  0.1495671
6110.  0.1493392
6115.  0.1491119
6120.  0.1488853
6125.  0.1486593
6130.  0.148434
6135.  0.1482093
6140.  0.1479852
6145.  0.1477618
6150.  0.147539
6155.  0.1473169
6160.  0.1470955
6165.  0.1468746
6170.  0.1466545
6175.  0.1464349
6180.  0.1462161
6185.  0.1459979
6190.  0.1457803
6195.  0.1455634
6200.  0.1453471
6205.  0.1451315
6210.  0.1449165
6215.  0.1447022
6220.  0.1444886
6225.  0.1442756
6230.  0.1440633
6235.  0.1438516
6240.  0.1436406
6245.  0.1434302
6250.  0.1432205
6255.  0.1430115
6260.  0.1428031
6265.  0.1425954
6270.  0.1423883
6275.  0.1421819
6280.  0.1419762
6285.  0.1417711
6290.  0.1415667
6295.  0.141363
6300.  0.1411599
6305.  0.1409575
6310.  0.1407558
6315.  0.1405547
6320.  0.1403543
6325.  0.1401546
6330.  0.1399555
6335.  0.1397571
6340.  0.1395594
6345.  0.1393624
6350.  0.139166
6355.  0.1389703
6360.  0.1387753
6365.  0.1385809
6370.  0.1383872
6375.  0.1381942
6380.  0.1380019
6385.  0.1378103
6390.  0.1376193
6395.  0.137429
6400.  0.1372394
6405.  0.1370505
6410.  0.1368622
6415.  0.1366747
6420.  0.1364878
6425.  0.1363016
6430.  0.1361161
6435.  0.1359312
6440.  0.1357471
6445.  0.1355636
6450.  0.1353808
6455.  0.1351987
6460.  0.1350174
6465.  0.1348366
6470.  0.1346566
6475.  0.1344773
6480.  0.1342986
6485.  0.1341207
6490.  0.1339434
6495.  0.1337668
6500.  0.1335909
6505.  0.1334158
6510.  0.1332413
6515.  0.1330675
6520.  0.1328944
6525.  0.132722
6530.  0.1325503
6535.  0.1323792
6540.  0.1322089
6545.  0.1320393
6550.  0.1318704
6555.  0.1317022
6560.  0.1315347
6565.  0.1313679
6570.  0.1312017
6575.  0.1310363
6580.  0.1308716
6585.  0.1307076
6590.  0.1305443
6595.  0.1303817
6600.  0.1302199
6605.  0.1300587
6610.  0.1298982
6615.  0.1297385
6620.  0.1295794
6625.  0.1294211
6630.  0.1292634
6635.  0.1291065
6640.  0.1289503
6645.  0.1287948
6650.  0.12864
6655.  0.128486
6660.  0.1283326
6665.  0.12818
6670.  0.1280281
6675.  0.1278768
6680.  0.1277263
6685.  0.1275766
6690.  0.1274275
6695.  0.1272792
6700.  0.1271316
6705.  0.1269847
6710.  0.1268385
6715.  0.126693
6720.  0.1265483
6725.  0.1264043
6730.  0.126261
6735.  0.1261184
6740.  0.1259766
6745.  0.1258355
6750.  0.1256951
6755.  0.1255554
6760.  0.1254165
6765.  0.1252783
6770.  0.1251408
6775.  0.1250041
6780.  0.1248681
6785.  0.1247328
6790.  0.1245982
6795.  0.1244644
6800.  0.1243313
6805.  0.124199
6810.  0.1240674
6815.  0.1239365
6820.  0.1238063
6825.  0.1236769
6830.  0.1235483
6835.  0.1234203
6840.  0.1232931
6845.  0.1231667
6850.  0.123041
6855.  0.122916
6860.  0.1227917
6865.  0.1226682
6870.  0.1225455
6875.  0.1224235
6880.  0.1223022
6885.  0.1221817
6890.  0.1220619
6895.  0.1219429
6900.  0.1218246
6905.  0.1217071
6910.  0.1215903
6915.  0.1214742
6920.  0.1213589
6925.  0.1212444
6930.  0.1211306
6935.  0.1210176
6940.  0.1209053
6945.  0.1207937
6950.  0.1206829
6955.  0.1205729
6960.  0.1204636
6965.  0.1203551
6970.  0.1202473
6975.  0.1201403
6980.  0.1200341
6985.  0.1199286
6990.  0.1198239
6995.  0.1197199
7000.  0.1196167
7005.  0.1195142
7010.  0.1194125
7015.  0.1193116
7020.  0.1192114
7025.  0.119112
7030.  0.1190133
7035.  0.1189155
7040.  0.1188183
7045.  0.118722
7050.  0.1186264
7055.  0.1185316
7060.  0.1184376
7065.  0.1183443
7070.  0.1182518
7075.  0.11816
7080.  0.118069
7085.  0.1179788
7090.  0.1178894
7095.  0.1178008
7100.  0.1177129
7105.  0.1176258
7110.  0.1175394
7115.  0.1174539
7120.  0.1173691
7125.  0.1172851
7130.  0.1172019
7135.  0.1171194
7140.  0.1170377
7145.  0.1169568
7150.  0.1168767
7155.  0.1167974
7160.  0.1167188
7165.  0.1166411
7170.  0.1165641
7175.  0.1164879
7180.  0.1164125
7185.  0.1163378
7190.  0.116264
7195.  0.1161909
7200.  0.1161186
7205.  0.1160471
7210.  0.1159764
7215.  0.1159065
7220.  0.1158374
7225.  0.115769
7230.  0.1157015
7235.  0.1156347
7240.  0.1155688
7245.  0.1155036
7250.  0.1154392
7255.  0.1153756
7260.  0.1153129
7265.  0.1152509
7270.  0.1151897
7275.  0.1151293
7280.  0.1150697
7285.  0.1150109
7290.  0.1149528
7295.  0.1148956
7300.  0.1148392
7305.  0.1147836
7310.  0.1147288
7315.  0.1146748
7320.  0.1146216
7325.  0.1145692
7330.  0.1145176
7335.  0.1144668
7340.  0.1144168
7345.  0.1143677
7350.  0.1143193
7355.  0.1142717
7360.  0.114225
7365.  0.114179
7370.  0.1141339
7375.  0.1140895
7380.  0.114046
7385.  0.1140033
7390.  0.1139614
7395.  0.1139203
7400.  0.1138801
7405.  0.1138406
7410.  0.113802
7415.  0.1137641
7420.  0.1137271
7425.  0.1136909
7430.  0.1136556
7435.  0.113621
7440.  0.1135873
7445.  0.1135543
7450.  0.1135222
7455.  0.113491
7460.  0.1134605
7465.  0.1134309
7470.  0.1134021
7475.  0.1133741
7480.  0.1133469
7485.  0.1133206
7490.  0.113295
7495.  0.1132703
7500.  0.1132465
7505.  0.1132234
7510.  0.1132012
7515.  0.1131799
7520.  0.1131593
7525.  0.1131396
7530.  0.1131207
7535.  0.1131026
7540.  0.1130854
7545.  0.113069
7550.  0.1130535
7555.  0.1130387
7560.  0.1130248
7565.  0.1130118
7570.  0.1129996
7575.  0.1129882
7580.  0.1129776
7585.  0.1129679
7590.  0.112959
7595.  0.112951
7600.  0.1129438
7605.  0.1129375
7610.  0.112932
7615.  0.1129273
7620.  0.1129235
7625.  0.1129205
7630.  0.1129184
7635.  0.1129171
7640.  0.1129166
7645.  0.112917
7650.  0.1129183
7655.  0.1129204
7660.  0.1129233
7665.  0.1129271
7670.  0.1129317
7675.  0.1129372
7680.  0.1129436
7685.  0.1129508
7690.  0.1129588
7695.  0.1129677
7700.  0.1129775
7705.  0.1129881
7710.  0.1129995
7715.  0.1130118
7720.  0.113025
7725.  0.113039
7730.  0.1130539
7735.  0.1130697
7740.  0.1130863
7745.  0.1131037
7750.  0.113122
7755.  0.1131412
7760.  0.1131613
7765.  0.1131822
7770.  0.113204
7775.  0.1132266
7780.  0.1132501
7785.  0.1132744
7790.  0.1132997
7795.  0.1133258
7800.  0.1133527
7805.  0.1133805
7810.  0.1134092
7815.  0.1134388
7820.  0.1134692
7825.  0.1135005
7830.  0.1135327
7835.  0.1135658
7840.  0.1135997
7845.  0.1136345
7850.  0.1136701
7855.  0.1137067
7860.  0.1137441
7865.  0.1137824
7870.  0.1138216
7875.  0.1138616
7880.  0.1139025
7885.  0.1139443
7890.  0.113987
7895.  0.1140305
7900.  0.114075
7905.  0.1141203
7910.  0.1141665
7915.  0.1142136
7920.  0.1142615
7925.  0.1143104
7930.  0.1143601
7935.  0.1144107
7940.  0.1144622
7945.  0.1145146
7950.  0.1145679
7955.  0.1146221
7960.  0.1146771
7965.  0.114733
7970.  0.1147899
7975.  0.1148476
7980.  0.1149062
7985.  0.1149657
7990.  0.1150261
7995.  0.1150874
8000.  0.1151496
8005.  0.1152126
8010.  0.1152766
8015.  0.1153415
8020.  0.1154072
8025.  0.1154738
8030.  0.1155412
8035.  0.1156096
8040.  0.1156787
8045.  0.1157488
8050.  0.1158196
8055.  0.1158913
8060.  0.1159639
8065.  0.1160372
8070.  0.1161114
8075.  0.1161864
8080.  0.1162622
8085.  0.1163388
8090.  0.1164162
8095.  0.1164944
8100.  0.1165734
8105.  0.1166532
8110.  0.1167337
8115.  0.116815
8120.  0.1168971
8125.  0.1169799
8130.  0.1170635
8135.  0.1171479
8140.  0.1172329
8145.  0.1173187
8150.  0.1174053
8155.  0.1174925
8160.  0.1175805
8165.  0.1176692
8170.  0.1177586
8175.  0.1178487
8180.  0.1179395
8185.  0.118031
8190.  0.1181232
8195.  0.118216
8200.  0.1183096
8205.  0.1184038
8210.  0.1184986
8215.  0.1185941
8220.  0.1186903
8225.  0.1187871
8230.  0.1188845
8235.  0.1189826
8240.  0.1190813
8245.  0.1191806
8250.  0.1192806
8255.  0.1193811
8260.  0.1194823
8265.  0.1195841
8270.  0.1196864
8275.  0.1197893
8280.  0.1198929
8285.  0.119997
8290.  0.1201016
8295.  0.1202069
8300.  0.1203127
8305.  0.120419
8310.  0.1205259
8315.  0.1206333
8320.  0.1207413
8325.  0.1208498
8330.  0.1209588
8335.  0.1210684
8340.  0.1211785
8345.  0.121289
8350.  0.1214001
8355.  0.1215117
8360.  0.1216237
8365.  0.1217363
8370.  0.1218493
8375.  0.1219628
8380.  0.1220768
8385.  0.1221913
8390.  0.1223061
8395.  0.1224215
8400.  0.1225373
8405.  0.1226535
8410.  0.1227702
8415.  0.1228873
8420.  0.1230048
8425.  0.1231227
8430.  0.1232411
8435.  0.1233598
8440.  0.123479
8445.  0.1235985
8450.  0.1237185
8455.  0.1238388
8460.  0.1239595
8465.  0.1240806
8470.  0.124202
8475.  0.1243238
8480.  0.124446
8485.  0.1245685
8490.  0.1246914
8495.  0.1248145
8500.  0.1249381
8505.  0.1250619
8510.  0.1251861
8515.  0.1253106
8520.  0.1254354
8525.  0.1255605
8530.  0.1256859
8535.  0.1258115
8540.  0.1259375
8545.  0.1260638
8550.  0.1261903
8555.  0.1263171
8560.  0.1264442
8565.  0.1265715
8570.  0.1266991
8575.  0.126827
8580.  0.126955
8585.  0.1270833
8590.  0.1272119
8595.  0.1273406
8600.  0.1274696
8605.  0.1275988
8610.  0.1277282
8615.  0.1278578
8620.  0.1279876
8625.  0.1281176
8630.  0.1282478
8635.  0.1283782
8640.  0.1285087
8645.  0.1286394
8650.  0.1287703
8655.  0.1289013
8660.  0.1290324
8665.  0.1291638
8670.  0.1292952
8675.  0.1294268
8680.  0.1295585
8685.  0.1296904
8690.  0.1298223
8695.  0.1299544
8700.  0.1300866
8705.  0.1302188
8710.  0.1303512
8715.  0.1304837
8720.  0.1306162
8725.  0.1307488
8730.  0.1308815
8735.  0.1310143
8740.  0.1311471
8745.  0.13128
8750.  0.1314129
8755.  0.1315458
8760.  0.1316788
8765.  0.1318119
8770.  0.1319449
8775.  0.132078
8780.  0.1322111
8785.  0.1323442
8790.  0.1324773
8795.  0.1326104
8800.  0.1327435
8805.  0.1328766
8810.  0.1330097
8815.  0.1331427
8820.  0.1332757
8825.  0.1334087
8830.  0.1335416
8835.  0.1336745
8840.  0.1338073
8845.  0.1339401
8850.  0.1340728
8855.  0.1342054
8860.  0.134338
8865.  0.1344705
8870.  0.1346029
8875.  0.1347352
8880.  0.1348674
8885.  0.1349995
8890.  0.1351315
8895.  0.1352633
8900.  0.1353951
8905.  0.1355267
8910.  0.1356582
8915.  0.1357896
8920.  0.1359208
8925.  0.1360518
8930.  0.1361827
8935.  0.1363135
8940.  0.136444
8945.  0.1365744
8950.  0.1367047
8955.  0.1368347
8960.  0.1369646
8965.  0.1370942
8970.  0.1372237
8975.  0.1373529
8980.  0.137482
8985.  0.1376108
8990.  0.1377394
8995.  0.1378311
9000.  0.1379118
9005.  0.1379925
9010.  0.1380732
9015.  0.1381539
9020.  0.1382347
9025.  0.1383154
9030.  0.1383961
9035.  0.1384768
9040.  0.1385575
9045.  0.1385618
9050.  0.1385943
9055.  0.1386268
9060.  0.1386593
9065.  0.1386917
9070.  0.1387242
9075.  0.1387567
9080.  0.1387892
9085.  0.1388217
9090.  0.1388541
9095.  0.1388866
9100.  0.1389191
9105.  0.1389516
9110.  0.1389841
9115.  0.1390165
9120.  0.139043
9125.  0.1390571
9130.  0.1390712
9135.  0.1390853
9140.  0.1390994
9145.  0.1391135
9150.  0.1391276
9155.  0.1391416
9160.  0.1391557
9165.  0.1391698
9170.  0.1391839
9175.  0.139198
9180.  0.1392121
9185.  0.1392262
9190.  0.1392402
9195.  0.1392543
9200.  0.1392684
9205.  0.1392825
9210.  0.1392806
9215.  0.1392812
9220.  0.1392817
9225.  0.1392823
9230.  0.1392829
9235.  0.1392834
9240.  0.139284
9245.  0.1392845
9250.  0.1392851
9255.  0.1392856
9260.  0.1392862
9265.  0.1392868
9270.  0.1392873
9275.  0.1392879
9280.  0.1392884
9285.  0.139289
9290.  0.1392895
9295.  0.1392901
9300.  0.1392906
9305.  0.1392912
9310.  0.1392917
9315.  0.1392923
9320.  0.1392929
9325.  0.1392934
9330.  0.139294
9335.  0.1392945
9340.  0.1392951
9345.  0.1392956
9350.  0.1392962
9355.  0.1392968
9360.  0.1392973
9365.  0.1392979
9370.  0.1392984
9375.  0.139299
9380.  0.1392995
9385.  0.1393001
9390.  0.1393006
9395.  0.1393012
9400.  0.1393017
9405.  0.1393023
9410.  0.1393029
9415.  0.1393034
9420.  0.139304
9425.  0.1393045
9430.  0.1393051
9435.  0.1393056
9440.  0.1393062
9445.  0.1393068
9450.  0.1393073
9455.  0.1393079
9460.  0.1393084
9465.  0.139309
9470.  0.1393095
9475.  0.1393101
9480.  0.1393106
9485.  0.1393112
9490.  0.1393117
9495.  0.1393123
9500.  0.1393129
9505.  0.1393134
9510.  0.139314
9515.  0.1393145
9520.  0.1393151
9525.  0.1393156
9530.  0.1393162
9535.  0.1393168
9540.  0.1393173
9545.  0.1393179
9550.  0.1393184
9555.  0.139319
9560.  0.1393195
9565.  0.1393201
9570.  0.1393206
9575.  0.1393212
9580.  0.1393217
9585.  0.1393223
9590.  0.1393229
9595.  0.1393234
9600.  0.139324
9605.  0.1393245
9610.  0.1393251
9615.  0.1393256
9620.  0.1393262
9625.  0.1393268
9630.  0.1393273
9635.  0.1393279
9640.  0.1393284
9645.  0.139329
9650.  0.1393295
9655.  0.1393301
9660.  0.1393306
9665.  0.1393312
9670.  0.1393317
9675.  0.1393323
9680.  0.1393329
9685.  0.1393334
9690.  0.139334
9695.  0.1393345
9700.  0.1393351
9705.  0.1393356
9710.  0.1393362
9715.  0.1393367
9720.  0.1393373
9725.  0.1393379
9730.  0.1393384
9735.  0.139339
9740.  0.1393395
9745.  0.1393401
9750.  0.1393406
9755.  0.1393412
9760.  0.1393417
9765.  0.1393423
9770.  0.1393429
9775.  0.1393434
9780.  0.139344
9785.  0.1393445
9790.  0.1393451
9795.  0.1393456
9800.  0.1393462
9805.  0.1393467
9810.  0.1393473
9815.  0.1393479
9820.  0.1393484
9825.  0.139349
9830.  0.1393495
9835.  0.1393501
9840.  0.1393506
9845.  0.1393512
9850.  0.1393517
9855.  0.1393523
9860.  0.1393529
9865.  0.1393534
9870.  0.139354
9875.  0.1393545
9880.  0.1393551
9885.  0.1393556
9890.  0.1393562
9895.  0.1393567
9900.  0.1393573
9905.  0.1393578
9910.  0.1393584
9915.  0.139359
9920.  0.1393595
9925.  0.1393601
9930.  0.1393606
9935.  0.1393612
9940.  0.1393617
9945.  0.1393623
9950.  0.1393629
9955.  0.1393634
9960.  0.139364
9965.  0.1393645
9970.  0.1393651
9975.  0.1393656
9980.  0.1393662
9985.  0.1393667
9990.  0.1393673
9995.  0.1393678
10000.  0.1393684
10005.  0.139369
10010.  0.1393695
10015.  0.1393701
10020.  0.1393706
10025.  0.1393712
10030.  0.1393717
10035.  0.1393723
10040.  0.1393729
10045.  0.1393734
10050.  0.139374
10055.  0.1393745
10060.  0.1393751
10065.  0.1393756
10070.  0.1393762
10075.  0.1393767
10080.  0.1393773
10085.  0.1393778
10090.  0.1393784
10095.  0.139379
10100.  0.1393795
10105.  0.1393801
10110.  0.1393806
10115.  0.1393812
10120.  0.1393817
10125.  0.1393823
10130.  0.1393829
10135.  0.1393834
10140.  0.139384
10145.  0.1393845
10150.  0.1393851
10155.  0.1393856
10160.  0.1393862
10165.  0.1393867
10170.  0.1393873
10175.  0.1393878
10180.  0.1393884
10185.  0.139389
10190.  0.1393895
10195.  0.1393901
10200.  0.1393906
10205.  0.1393912
10210.  0.1393917
10215.  0.1393923
10220.  0.1393929
10225.  0.1393934
10230.  0.139394
10235.  0.1393945
10240.  0.1393951
10245.  0.1393956
10250.  0.1393962
10255.  0.1393967
10260.  0.1393973
10265.  0.1393978
10270.  0.1393984
10275.  0.139399
10280.  0.1393995
10285.  0.1394001
10290.  0.1394006
10295.  0.1394012
10300.  0.1394017
10305.  0.1394023
10310.  0.1394029
10315.  0.1394034
10320.  0.139404
10325.  0.1394045
10330.  0.1394051
10335.  0.1394056
10340.  0.1394062
10345.  0.1394067
10350.  0.1394073
10355.  0.1394078
10360.  0.1394084
10365.  0.139409
10370.  0.1394095
10375.  0.1394101
10380.  0.1394106
10385.  0.1394112
10390.  0.1394117
10395.  0.1394123
10400.  0.1394129
10405.  0.1394134
10410.  0.139414
10415.  0.1394145
10420.  0.1394151
10425.  0.1394156
10430.  0.1394162
10435.  0.1394167
10440.  0.1394173
10445.  0.1394178
10450.  0.1394184
10455.  0.139419
10460.  0.1394195
10465.  0.1394201
10470.  0.1394206
10475.  0.1394212
10480.  0.1394217
10485.  0.1394223
10490.  0.1394228
10495.  0.1394234
10500.  0.139424
